58.1359541799
60.7785889709
61.4597230323
62.0434245311
62.5768454644
63.0967465122
63.5868144245
64.0490604238
64.5175635602
65.0103131027
65.5141243695
65.9830744443
66.437052084
66.8473414989
67.2645584584
67.6568586043
68.029605197
68.3908431269
68.7457121851
69.0519766966
69.3560065164
69.6668521461
69.9609375873
70.2325643759
70.5008391268
70.7606220488
71.0082259005
71.2659975999
71.4747178143
71.693158938
71.8866832481
72.0806544965
72.2741788066
72.4317245787
72.6010024827
72.7632411076
72.9238037136
73.0562092029
73.1917432607
73.3314114984
73.4412466005
73.5510817026
73.6505254878
73.7525391686
73.8462844897
73.9415940951
74.035115947
74.1113189374
74.1775775494
74.2592555348
74.3309891416
74.3883089864
74.4490926034
74.5020547991
74.557698625
74.6177000999
74.6631760781
74.7136801128
74.7600499677
74.809324922
74.8555830423
74.9025115701
74.9419538804
74.9908936309
75.0417328694
75.0771527345
75.1234108548
75.1536909287
75.1916806894
75.2338046298
75.2715709213
75.3048678292
75.3379412678
75.374143275
75.4157085426
75.4395080103
75.4749278753
75.5092303945
75.5438681174
75.5821930818
75.614596113
75.6526976082
75.6885644116
75.729347537
75.765884748
75.8094612382
75.8509147711
75.8874519821
75.9168381793
75.9566156933
75.9807503648
76.019410533
76.0498023415
76.0856691449
76.1146084038
76.129804308
76.1518160223
76.1748333479
76.2008675074
76.2225440178
76.2414271636
76.2645562237
76.2819868198
76.3048924108
76.3264571867
76.3480219626
76.3695867384
76.386346927
76.4115989443
76.4275769907
76.446571871
76.4711534809
76.4879136694
76.5131656868
76.5339483205
76.5600942146
76.5792008295
76.5981957098
76.6141737562
76.6320512906
76.6531691282
76.6757395154
76.6899298083
76.7092598924
76.7255731426
76.7421098619
76.755182809
76.7669149409
76.7788705421
76.7919434891
76.8021113368
76.8163016298
76.8242347857
76.842670993
76.8516097602
76.8641240343
76.8807724883
76.8931750278
76.9062479748
76.9217790828
76.9374219255
76.9545173177
76.9680372031
76.9893785099
76.9996580922
77.0165300153
77.0283738818
77.0440167244
77.0576483444
77.0658049695
77.0750789405
77.0822299543
77.0960850434
77.1078171754
77.1202197149
77.1284880746
77.1423431637
77.152622746
77.166813039
77.1846905734
77.2012272927
77.2037971883
77.2103895291
77.2253619642
77.2332951201
77.2427925603
77.254301223
77.2614522368
77.2661450896
77.2764246719
77.2817879322
77.2839108894
77.2925144529
77.2997772012
77.3074868879
77.3170960627
77.3227945268
77.324917484
77.3344149242
77.3450297102
77.3586613302
77.365253671
77.3693878509
77.3722929502
77.3810082482
77.3867067123
77.3926286456
77.4045842468
77.4068189386
77.4114000568
77.4163163787
77.4269311648
77.4305066717
77.440786254
77.4480490023
77.4525183859
77.4613454185
77.4633566412
77.4691668399
77.4745301002
77.4803402989
77.483580602
77.4897260044
77.4964300798
77.5004525251
77.5002290559
77.4974356912
77.5052571125
77.5090560885
77.5071566005
77.5158718985
77.5204530167
77.51955914
77.5234698507
77.5252576041
77.5310678028
77.5327438216
77.5397831008
77.54000657
77.5435820769
77.5453698303
77.5510682944
77.5553142088
77.5591131849
77.5611244075
77.5612361421
77.5660407295
77.5719626628
77.5738621508
77.5783315344
77.5802310224
77.5814601029
77.5865998941
77.5890580551
77.5902871355
77.590175401
77.5952034575
77.5944213154
77.5960973342
77.6004549833
77.6026896751
77.6069355895
77.6082764046
77.6124105844
77.6121871152
77.6165447642
77.6188911906
77.6179973139
77.6201202711
77.6248131239
77.6258187352
77.6273830195
77.6340870949
77.6349809716
77.63542791
77.6358748483
77.6388916823
77.6409029049
77.641685047
77.6458192268
77.650959018
77.6521880985
77.6533054444
77.657216155
77.6593391122
77.6623559462
77.6649258418
77.671406448
77.6723003247
77.675764097
77.6791161347
77.6822447032
77.6853732717
77.6899543899
77.6925242855
77.6949824465
77.698111015
77.6987814226
77.698111015
77.6988931572
77.6992283609
77.7016865219
77.6997870339
77.7061559055
77.7101783508
77.7137538576
77.7154298765
77.7179997721
77.721016606
77.7230278286
77.7240334399
77.7269385393
77.7273854776
77.734648226
77.7336426147
77.7369946524
77.7405701593
77.7394528134
77.7426931165
77.7422461781
77.7455982158
77.7452630121
77.748279846
77.7488385189
77.7502910686
77.7489502535
77.7490619881
77.747721173
77.7497323957
77.7516318837
77.7561012673
77.7574420824
77.7607941201
77.7605706509
77.7606823855
77.7667160534
77.7679451338
77.7698446219
77.7700680911
77.7689507452
77.7652635037
77.763810954
77.7661573804
77.7686155414
77.7738670671
77.7794537966
77.779342062
77.7814650193
77.7860461374
77.7883925638
77.7918563361
77.7942027625
77.7938675588
77.791074194
77.7919680707
77.791632867
77.792973682
77.7948731701
77.7964374543
77.8014655109
77.800348165
77.8032532643
77.8050410178
77.8050410178
77.8039236719
77.8045940794
77.804705814
77.8060466291
77.8052644869
77.8097338706
77.8101808089
77.8111864202
77.8093986668
77.8123037661
77.8118568278
77.8137563158
77.8149853963
77.815879273
77.8172200881
77.8222481446
77.8237006943
77.8308517081
77.8312986464
77.8306282389
77.8293991584
77.8286170163
77.8267175283
77.8287287509
77.8343154804
77.8366619068
77.8410195558
77.845042001
77.8490644463
77.8515226073
77.8488409771
77.8519695456
77.8495113846
77.8542042374
77.8552098487
77.8575562751
77.8549863796
77.8565506638
77.8577797443
77.8612435166
77.8607965782
77.8596792323
77.8583384173
77.8574445405
77.8603496399
77.8649307581
77.866048104
77.8637016776
77.8634782084
77.8634782084
77.8595674977
77.8624725971
77.8628078009
77.8651542273
77.8697353454
77.8725287102
77.877221563
77.8785623781
77.8776685013
77.8830317617
77.884037373
77.8860485956
77.8881715528
77.8923057327
77.8930878748
77.8987863389
77.899568481
77.8999036848
77.9005740923
77.906384291
77.9080603099
77.9095128595
77.9159934658
77.9190102997
77.9233679487
77.9245970292
77.9256026405
77.9242618254
77.9252674367
77.9282842707
77.9286194744
77.9283960053
77.9321949813
77.9339827348
77.9400164026
77.9400164026
77.9418041561
77.9416924215
77.9425862982
77.942362829
77.9437036441
77.9477260894
77.952195473
77.9548771031
77.9536480226
77.952195473
77.9528658805
77.9509663925
77.9534245535
77.9568883257
77.9595699559
77.9622515861
77.9669444389
77.9700730074
77.9732015759
77.9717490262
77.9698495382
77.9728663721
77.9756597369
77.9767770828
77.9812464664
77.9811347318
77.9811347318
77.9847102387
77.9870566651
77.9877270726
77.9886209493
77.9924199254
77.9946546172
77.996889309
77.9978949203
77.9977831857
77.99934747
77.9982301241
78.0008000197
78.0031464461
78.0062750146
78.0068336875
78.0064984838
78.0062750146
78.0089566447
78.0052694033
78.0054928725
78.0070571567
78.0051576687
78.0064984838
78.0081745026
78.0094035831
78.0130908246
78.0113030711
78.0142081705
78.0167780661
78.0189010233
78.0205770421
78.0209122459
78.0229234685
78.024711222
78.026052037
78.0313035628
78.03342652
78.0370020269
78.0406892683
78.0397953916
78.0424770218
78.0466112016
78.0471698746
78.0496280355
78.0492928318
78.0468346708
78.048957628
78.04705814
78.0469464054
78.0458290595
78.04705814
78.04705814
78.0482872205
78.0483989551
78.0500749739
78.0487341588
78.0472816092
78.0504101777
78.0496280355
78.0478402821
78.0494045664
78.0499632393
78.050857116
78.0519744619
78.0516392582
78.0525331349
78.0515275236
78.0523096657
78.0529800733
78.0526448695
78.0545443575
78.0570025185
78.0581198644
78.0573377223
78.0567790493
78.057672926
78.0613601675
78.0596841487
78.058231599
78.0564438455
78.0554382342
78.0570025185
78.0596841487
78.0620305751
78.0612484329
78.0608014946
78.0608014946
78.0605780254
78.0611366983
78.0637065939
78.0670586316
78.0704106693
78.0709693423
78.0704106693
78.0696285272
78.0698519964
78.0710810769
78.0747683183
78.0730922995
78.0764443372
78.0765560718
78.0752152567
78.0768912755
78.0767795409
78.0785672944
78.0791259673
78.0804667824
78.0853831044
78.0865004503
78.0886234075
78.0909698339
78.0927575873
78.0945453408
78.0935397295
78.0939866678
78.0935397295
78.0934279949
78.0964448288
78.0962213596
78.0971152364
78.0976739093
78.0987912552
78.0984560514
78.1022550275
78.1018080891
78.1033723734
78.1046014539
78.105942269
78.1058305344
78.1068361457
78.1088473683
78.1091825721
78.1088473683
78.1076182878
78.1079534916
78.1076182878
78.1072830841
78.1072830841
78.1082886954
78.1096295104
78.1099647142
78.1085121645
78.1096295104
78.1099647142
78.1123111406
78.1144340978
78.1162218513
78.1192386852
78.1216968462
78.1193504198
78.1205795003
78.121473377
78.1186800122
78.1222555191
78.1240432726
78.1244902109
78.1272835757
78.1281774524
78.1284009216
78.1257192914
78.1276187795
78.1325351014
78.1348815278
78.135104997
78.1357754045
78.1355519354
78.1366692813
78.1393509114
78.1412503995
78.1469488635
78.1437085604
78.1434850913
78.1440437642
78.1477310057
78.1486248824
78.1513065126
78.1513065126
78.151194778
78.1505243704
78.1516417163
78.154993754
78.1573401804
78.1578988534
78.1601335452
78.1669493552
78.1670610898
78.1635973175
78.1630386445
78.1619212986
78.1621447678
78.1632621137
78.164826398
78.1628151753
78.1669493552
78.1670610898
78.1659437439
78.1658320093
78.1676197627
78.1685136394
78.168625374
78.1688488432
78.172983023
78.1734299614
78.172983023
78.1756646532
78.172983023
78.173541696
78.1732064922
78.1749942457
78.1774524067
78.1791284255
78.1810279135
78.1823687286
78.1859442355
78.184715155
78.1841564821
78.1884023965
78.1877319889
78.187173316
78.1876202544
78.1886258657
78.1880671927
78.1873967852
78.1877319889
78.1889610694
78.1900784153
78.1922013725
78.1922013725
78.1918661688
78.1944360644
78.1957768794
78.1991289171
78.2014753435
78.1984585096
78.1999110593
78.200804936
78.2000227939
78.203263097
78.2018105473
78.2058329925
78.2050508504
78.2096319686
78.211978395
78.2149952289
78.2156656365
78.2148834943
78.216894717
78.2173416553
78.2164477786
78.2170064516
78.2171181861
78.2199115509
78.2215875698
78.2183472666
78.2202467547
78.2200232855
78.2196880817
78.220693693
78.2265038917
78.2296324602
78.230526337
78.2307498061
78.2311967445
78.2356661281
78.2422584689
78.2424819381
78.2423702035
78.2450518337
78.2437110186
78.2440462224
78.2442696915
78.2446048953
78.2419232652
78.2414763268
78.2434875494
78.2444931607
78.2477334638
78.2499681556
78.2496329519
78.2499681556
78.2513089707
78.2551079468
78.255331416
78.2538788663
78.2551079468
78.2555548851
78.2543258047
78.2554431506
78.2587951883
78.2587951883
78.2608064109
78.2661696712
78.2719798699
78.2737676233
78.2749967038
78.2761140497
78.2785722107
78.2785722107
78.277678334
78.280136495
78.280136495
78.2792426183
78.2806951679
78.2827063905
78.2846058786
78.2818125138
78.2830415943
78.2830415943
78.2833767981
78.2823711868
78.2829298597
78.2822594522
78.2841589402
78.2873992433
78.2943267879
78.2934329112
78.2939915842
78.2944385225
78.2958910722
78.2968966835
78.2984609678
78.3012543325
78.3023716784
78.2999135174
78.3018130055
78.3039359627
78.3066175928
78.304941574
78.3039359627
78.3056119815
78.3096344268
78.3107517727
78.3103048343
78.3129864645
78.3127629953
78.3166737059
78.3186849286
78.3189083977
78.3206961512
78.3230425776
78.3187966632
78.3214782933
78.3247185964
78.3287410417
78.3318696102
78.3355568517
78.3345512404
78.336562463
78.3343277712
78.3392440932
78.3392440932
78.3393558277
78.340920112
78.3417022541
78.3442721497
78.3441604151
78.3487415333
78.3475124528
78.3513114289
78.3516466327
78.3529874477
78.3561160163
78.3579037697
78.3592445848
78.3602501961
78.3581272389
78.3593563194
78.3621496841
78.3623731533
78.3628200917
78.3629318263
78.3620379495
78.3641609067
78.3629318263
78.3612558074
78.3623731533
78.3660603948
78.3653899872
78.3665073331
78.3678481482
78.3694124325
78.3712001859
78.374440489
78.3754461004
78.3763399771
78.3775690576
78.3743287544
78.3737700815
78.3754461004
78.3767869154
78.3784629343
78.3780159959
78.3790216072
78.3824853795
78.3844966022
78.3840496638
78.384273133
78.3831557871
78.3862843556
78.3865078248
78.3879603744
78.3872899669
78.3908654738
78.3928766964
78.3931001656
78.3957817958
78.3996925064
78.3972343454
78.3956700612
78.3938823077
78.3957817958
78.3981282221
78.3995807718
78.4011450561
78.402262402
78.4013685253
78.4039384208
78.4036032171
78.4046088284
78.4093016812
78.4100838233
78.4147766761
78.4148884107
78.4171231025
78.415894022
78.4133241264
78.4129889226
78.4119833113
78.4104190271
78.4108659654
78.4138827994
78.4152236144
78.4174583062
78.4205868748
78.4204751402
78.4181287138
78.4190225905
78.420251671
78.4231567703
78.4241623816
78.4256149313
78.4274026848
78.4317603338
78.4325424759
78.4345536985
78.4312016608
78.4343302293
78.4324307413
78.4355593098
78.433324618
78.4318720684
78.4309781916
78.4310899262
78.4334363526
78.4308664571
78.4312016608
78.4316485992
78.4297491112
78.4296373766
78.431983803
78.4345536985
78.4370118595
78.4345536985
78.4336598218
78.4327659451
78.4341067602
78.4328776797
78.4351123715
78.4346654331
78.435782779
78.4371235941
78.4373470633
78.4365649211
78.4375705325
78.4367883903
78.4376822671
78.4374587979
78.4408108356
78.4414812431
78.4405873664
78.4427103236
78.4419281815
78.4436042003
78.4411460393
78.4402521626
78.4457271575
78.4458388921
78.4461740959
78.446956238
78.4490791952
78.4482970531
78.4474031764
78.4472914418
78.446956238
78.4468445034
78.4458388921
78.4437159349
78.4456154229
78.4490791952
78.4482970531
78.4476266456
78.4471797072
78.4497496028
78.4508669487
78.4516490908
78.4525429675
78.4551128631
78.4569006166
78.4556715361
78.4553363323
78.458129697
78.4582414316
78.4600291851
78.4619286731
78.4620404077
78.4603643888
78.4615934693
78.4646103033
78.467403668
78.4684092793
78.467403668
78.4694148906
78.4703087674
78.4700852982
78.4736608051
78.474219478
78.4756720277
78.4745546818
78.4754485585
78.4737725397
78.4736608051
78.4780184541
78.4795827383
78.4784653924
78.4800296767
78.4790240654
78.4812587572
78.4790240654
78.477236312
78.4753368239
78.4727669283
78.4741077434
78.4777949849
