54.8892821946
60.8621664443
62.9098145429
64.165152663
65.1926639538
65.9964825951
66.6274478255
67.0647770113
67.4579710339
67.8687073872
68.3452554141
68.7287285274
69.0564460802
69.4003651486
69.6858470264
69.9410488303
70.1695460671
70.390110148
70.5565946872
70.7277720793
70.8849826476
71.0262151695
71.1823083919
71.3064455216
71.4252193909
71.5371774502
71.6472360214
71.758858877
71.8679118369
71.9483607418
72.040988717
72.1444549475
72.236189046
72.3144032591
72.3958577753
72.4834576939
72.5764208729
72.6583223275
72.7267038966
72.8103931046
72.8872665026
72.9667097962
73.0249235177
73.0993387547
73.1620218598
73.2454875986
73.3260482381
73.4030333707
73.4777838114
73.5557745554
73.6327596879
73.693543305
73.7490753963
73.805836568
73.8567875411
73.901816581
73.9487451088
73.9937741486
74.0446133871
74.1011510897
74.1670744979
74.2137795566
74.2537805399
74.3010442715
74.3503192257
74.3870799059
74.4223880364
74.4571374939
74.4936747049
74.5337874227
74.566972596
74.6074205176
74.6407174255
74.6724500491
74.6964729859
74.7234010221
74.7580387451
74.7869780039
74.8264203142
74.8563651844
74.8813937326
74.9067574845
74.9384901081
74.964971206
74.9875415932
75.0144696294
75.0320119601
75.0609512189
75.0845272174
75.1066506663
75.1285506459
75.152238379
75.1811776379
75.1993903761
75.2120163848
75.232128611
75.2529112447
75.2687775565
75.2939178393
75.3120188429
75.3340305572
75.3482208501
75.3668805267
75.3824116347
75.4062111024
75.4238651676
75.442301375
75.4648717622
75.4752630791
75.4904589833
75.5195099768
75.5431977099
75.5608517751
75.5831986932
75.5934782754
75.6101267294
75.6261047758
75.6463287366
75.6581726031
75.6785082985
75.6870001274
75.6962740984
75.7104643913
75.7252133572
75.7383980388
75.7484541519
75.7578398575
75.7696837241
75.7820862636
75.7958296182
75.801863286
75.8156066406
75.8278974455
75.8353836631
75.8497974252
75.8633173106
75.8771723998
75.8832060676
75.8970611568
75.8989606448
75.9121453265
75.921531032
75.9343805099
75.9455539689
75.9616437499
75.9690182329
75.980973834
75.9943819848
76.0124829884
76.0226508361
76.0249972625
76.0277906273
76.0446625504
76.0452212233
76.0537130522
76.0680150797
76.0767303777
76.082652311
76.094384443
76.103099741
76.1100272856
76.1133793233
76.1237706402
76.1325976728
76.1487991884
76.1577379556
76.1664532536
76.1774032434
76.1855598685
76.198521081
76.2092476016
76.2235496292
76.2381868605
76.2546118452
76.2639975508
76.2724893796
76.2871266109
76.2985235391
76.3121551591
76.3284684093
76.3388597262
76.3476867588
76.3624357247
76.377072956
76.3932744716
76.3996433432
76.4098111909
76.4183030197
76.4276887253
76.4350632083
76.4383035114
76.4469070748
76.4603152256
76.4683601161
76.4778575563
76.4885840769
76.4990871284
76.5130539522
76.5209871081
76.5352891356
76.5366299507
76.548809021
76.5540605467
76.5622171718
76.5697033894
76.5814355213
76.5852344974
76.5923855112
76.6015477475
76.6107099839
76.6227773197
76.6257941536
76.6329451674
76.6384201623
76.6438951572
76.6462415836
76.6580854501
76.6681415633
76.6785328801
76.6809910411
76.6890359316
76.7022206132
76.7091481578
76.713729276
76.7207685552
76.7283665073
76.7379756821
76.7450149613
76.748366999
76.7530598518
76.7584231121
76.7699317749
76.7760771773
76.7882562476
76.7898205319
76.7988710337
76.8083684739
76.8139552034
76.8193184637
76.8205475442
76.8223352976
76.8297097806
76.8321679416
76.8439000735
76.8523919024
76.8640122997
76.8673643374
76.870492906
76.877308716
76.8825602417
76.8891525825
76.9024489987
76.9146280691
76.9190974527
76.9224494904
76.9271423432
76.9314999922
76.9370867217
76.9459137543
76.951723953
76.953623441
76.9639030233
76.9687076107
76.9751882169
76.9824509653
76.9909427941
76.9957473815
77.0059152292
77.0132897121
77.0186529725
77.0225636831
77.0278152089
77.0339606113
77.0408881559
77.0445753974
77.0499386577
77.0604417092
77.0605534438
77.0640172161
77.0672575192
77.075749348
77.0827886272
77.0829003618
77.0875932146
77.0964202472
77.1044651377
77.1107222747
77.1150799238
77.1193258382
77.1265885865
77.1292702167
77.1326222544
77.1430135713
77.1461421398
77.1468125473
77.1564217221
77.1576508026
77.1555278454
77.1540752957
77.1559747837
77.156980395
77.161896717
77.1703885459
77.173628849
77.173628849
77.1720645647
77.1727349723
77.1764222137
77.1836849621
77.1854727155
77.1926237293
77.1947466865
77.1941880136
77.2001099468
77.2030150462
77.2124007518
77.2121772826
77.2143002398
77.2165349316
77.2180992158
77.2150823819
77.2198869693
77.222680334
77.2231272724
77.2242446183
77.2248032913
77.2278201252
77.2299430824
77.2341889968
77.2377645037
77.2426808257
77.2439099062
77.2477088822
77.2555303035
77.2502787778
77.2525134696
77.2517313275
77.252401735
77.254859896
77.2550833652
77.2629047865
77.2643573362
77.266592028
77.2694971273
77.270949677
77.2739665109
77.279664975
77.2833522165
77.2844695624
77.2858103775
77.2873746617
77.2956430214
77.2946374101
77.2962016943
77.2981011824
77.3032409735
77.3089394376
77.3097215797
77.3109506602
77.3141909634
77.3155317784
77.3184368778
77.3202246312
77.3188838161
77.320559835
77.3236884035
77.3289399292
77.3338562512
77.3363144122
77.3381021656
77.3405603266
77.3445827719
77.3501695014
77.3536332737
77.354080212
77.3575439843
77.3606725528
77.3632424484
77.3612312258
77.3611194912
77.3588847994
77.3610077566
77.3600021453
77.3655888748
77.3717342773
77.3683822396
77.3715108081
77.3728516232
77.3784383527
77.3842485514
77.3869301815
77.3919582381
77.392516911
77.3927403802
77.395533745
77.3945281337
77.3917347689
77.3954220104
77.3966510909
77.4002265977
77.4010087399
77.4043607776
77.4063720002
77.4049194505
77.406148531
77.4059250618
77.4092770995
77.4136347486
77.4184393359
77.4210092315
77.4215679045
77.4258138189
77.4284954491
77.4306184063
77.4298362641
77.4321826905
77.4331883018
77.4344173823
77.4367638087
77.4388867659
77.4420153345
77.4411214577
77.4387750313
77.4389985005
77.4434678841
77.44458523
77.4417918653
77.449501552
77.4499484904
77.4534122626
77.4566525658
77.463133172
77.4683846977
77.472407143
77.4734127543
77.4720719392
77.4714015317
77.4712897971
77.4705076549
77.4736362235
77.4728540813
77.4745301002
77.4769882612
77.4824632561
77.4862622321
77.4907316157
77.4888321277
77.4900612082
77.4944188572
77.4945305918
77.4964300798
77.4975474257
77.4971004874
77.501011198
77.5035810936
77.5081622118
77.5070448659
77.5114025149
77.5177713866
77.5183300595
77.5204530167
77.5251458695
77.5287213764
77.5301739261
77.5334142292
77.5384422857
77.5379953474
77.5432468731
77.5427999347
77.5498392139
77.5526325787
77.5499509485
77.5531912516
77.5515152328
77.5529677824
77.5554259434
77.5562080856
77.5584427774
77.5609009383
77.5615713459
77.562353488
77.5635825685
77.5661524641
77.5655937911
77.5701749093
77.5721861319
77.5695045018
77.5714039898
77.5677167483
77.5757616388
77.5820187759
77.5825774488
77.5841417331
77.5832478564
77.5843652023
77.5900636664
77.5926335619
77.5979968223
77.6006784524
77.5991141682
77.5977733531
77.5979968223
77.5973264147
77.5997845757
77.6001197795
77.6039187555
77.610622831
77.6156508875
77.6186677214
77.618779456
77.6203437403
77.6223549629
77.6211258824
77.6249248585
77.626153939
77.6248131239
77.6288355691
77.6302881188
77.6289473037
77.6312937301
77.6306233226
77.6262656736
77.630511588
77.6352044408
77.6365452559
77.6379978055
77.6434728004
77.6448136155
77.6458192268
77.6454840231
77.6469365727
77.6483891224
77.6510707526
77.6560988091
77.6578865626
77.6597860506
77.6584452355
77.661573804
77.6607916619
77.6625794154
77.6622442116
77.6654845147
77.6663783914
77.6698421637
77.673864609
77.6772166467
77.6811273573
77.680121746
77.6814625611
77.6805686844
77.6829151108
77.6821329686
77.6813508265
77.6803452152
77.6836972529
77.6843676604
77.6851498026
77.6881666365
77.6921890817
77.6927477547
77.6942003044
77.694312039
77.6925242855
77.6995635647
77.7029156024
77.705485498
77.7106252891
77.7144242652
77.709843147
77.712301308
77.7176645683
77.7188936488
77.7205696676
77.7195640563
77.722916094
77.721016606
77.7251507858
77.7271620085
77.7292849657
77.7285028235
77.7285028235
77.7362125103
77.737106387
77.7383354675
77.7368829178
77.7384472021
77.7404584247
77.7453747466
77.7451512775
77.740905363
77.7411288322
77.7403466901
77.7405701593
77.743363524
77.7426931165
77.7425813819
77.7430283202
77.7429165857
77.7443691353
77.7473859693
77.745821685
77.7481681114
77.752078822
77.7546487176
77.7561012673
77.7582242245
77.7558777981
77.7577772861
77.7596767742
77.7595650396
77.7553191252
77.7558777981
77.7573303478
77.7558777981
77.756995144
77.7585594283
77.7599002434
77.7595650396
77.7611293238
77.7668277879
77.7721910483
77.7761017589
77.7744257401
77.7772191048
77.7781129815
77.7830293035
77.782358896
77.7826940997
77.784817057
77.7855991991
77.7853757299
77.7919680707
77.7936440896
77.7902920519
77.7897333789
77.7919680707
77.7918563361
77.7902920519
77.7869400142
77.7905155211
77.7909624594
77.7946497009
77.7953201084
77.7958787814
77.7977782694
77.7969961273
77.8013537763
77.8042588756
77.804705814
77.8077226479
77.8095104014
77.8091751976
77.8110746856
77.8142032542
77.8136445812
77.8172200881
77.8121920315
77.8178904956
77.8181139648
77.8154323346
77.8172200881
77.8196782491
77.8201251874
77.8212425333
77.8267175283
77.8304047697
77.8289522201
77.8305165043
77.8321925232
77.8301813005
77.8342037458
77.8347624187
77.8333098691
77.8337568074
77.8377792527
77.8399022099
77.8407960866
77.841243025
77.8407960866
77.8396787407
77.8404608828
77.8432542476
77.8448185319
77.8447067973
77.8447067973
77.847500162
77.8488409771
77.8519695456
77.8517460764
77.8526399532
77.8535338299
77.8542042374
77.8571093368
77.8591205594
77.8634782084
77.8639251468
77.8659363694
77.8670537153
77.866048104
77.8676123882
77.8663833077
77.8687297341
77.8662715732
77.8688414687
77.867947592
77.8687297341
77.8709644259
77.8739812599
77.8750986058
77.8748751366
77.8763276863
77.8790093164
77.879679724
77.8793445202
77.8826965579
77.8843725768
77.885936861
77.886495534
77.8841491076
77.8842608422
77.8894006333
77.888953695
77.8892888987
77.8920822635
77.8882832874
77.8895123679
77.8911883868
77.888953695
77.888395022
77.8898475717
77.8886184912
77.8879480836
77.8876128799
77.8882832874
77.8892888987
77.8886184912
77.888395022
77.8894006333
77.8894006333
77.8898475717
77.8904062446
77.8940934861
77.8965516471
77.8957695049
77.8962164433
77.8956577704
77.8942052207
77.8939817515
77.8997919502
77.9016914382
77.9016914382
77.9026970495
77.9066077602
77.9081720445
77.9077251061
77.9068312294
77.9072781677
77.9062725564
77.9066077602
77.9114123476
77.9100715325
77.9125296935
77.9111888784
77.9155465274
77.9159934658
77.9162169349
77.9168873425
77.9169990771
77.9206863185
77.9221388682
77.9212449915
77.9199041764
77.9210215223
77.9228092758
77.9237031525
77.92437356
77.9259378443
77.9272786594
77.9291781474
77.9278373323
77.9297368203
77.9280608015
77.9289546782
77.9277255977
77.9285077399
77.9277255977
77.9278373323
77.9301837587
77.9333123272
77.9347648769
77.93800518
77.939904668
77.9414689523
77.9414689523
77.9428097674
77.9437036441
77.9439271133
77.9451561938
77.9454913976
77.9502959849
77.9546536339
77.9566648566
77.9561061836
77.9568883257
77.9613577094
77.9624750553
77.9625867898
77.9649332162
77.9644862779
77.9635924012
77.9647097471
77.967167908
77.9675031118
77.9664975005
77.9678383156
77.9661622967
77.9662740313
77.9699612728
77.9709668841
77.9749893293
77.9762184098
77.9768888174
77.9766653482
77.9767770828
77.9758832061
77.9755480023
77.9771122866
77.9740954526
77.9747658602
77.9754362677
77.9768888174
77.9784531016
77.9800173859
77.9765536136
77.9752127985
77.9744306564
77.973983718
77.9725311684
77.970184742
77.9714138225
77.972642903
77.9717490262
77.9716372916
77.9734250451
77.9728663721
77.9727546375
77.9709668841
77.9704082112
77.9706316803
77.9715255571
77.9710786187
77.9727546375
77.9729781067
77.9743189218
77.9747658602
77.974542391
77.9787883054
77.9782296325
77.9809112626
77.9818051393
77.9828107507
77.981358201
77.9812464664
77.9805760589
77.9801291205
77.9800173859
77.980799528
77.9812464664
77.9833694236
77.9833694236
77.9879505418
77.9891796223
77.9861627884
77.9889561531
77.9902969682
77.9916377833
77.9928668638
77.9933138021
77.9946546172
77.9952132902
77.9958836977
77.9966658398
77.9966658398
77.9992357354
77.9992357354
77.9996826738
78.0001296121
78.0008000197
78.0035933844
78.0058280762
78.0051576687
78.0040403228
78.0059398108
78.0060515454
78.0049341995
78.0069454221
78.0054928725
78.0069454221
78.008621441
78.0108561328
78.011079602
78.0120852133
78.0133142938
78.0126438862
78.012420417
78.0128673554
78.0142081705
78.0144316397
78.0145433743
78.0156607202
78.0172250044
78.017895412
78.0202418383
78.0200183692
78.0197949
78.0200183692
78.0202418383
78.0201301038
78.0203535729
78.021694388
78.021694388
78.0204653075
78.0195714308
78.0205770421
78.0230352031
78.0223647956
78.0197949
78.0218061226
78.0226999993
78.0213591842
78.0221413264
78.0203535729
78.0201301038
78.0195714308
78.0191244924
78.0190127579
78.0193479616
78.0191244924
78.0199066346
78.0161076585
78.0195714308
78.0209122459
78.0195714308
78.0199066346
78.0210239805
78.0206887767
78.0228117339
78.0224765301
78.0204653075
78.019236227
78.0161076585
78.0164428623
78.0139847013
78.0142081705
78.0142081705
78.0155489856
78.0144316397
78.0161076585
78.0155489856
78.0177836774
78.017336739
78.0189010233
78.019236227
78.0208005113
78.0212474497
78.021694388
78.021694388
78.026052037
78.0278397905
78.0302979515
78.0310800936
78.0326443779
78.0316387665
78.0335382546
78.0323091741
78.0316387665
78.0321974395
78.0329795816
78.0321974395
78.0313035628
78.0333147854
78.030968359
78.0323091741
78.0332030508
78.0320857049
78.0330913162
78.0332030508
78.0345438659
78.0343203967
78.0357729464
78.0365550885
78.037784169
78.0376724344
78.0385663111
78.0387897803
78.0368902923
78.0378959036
78.0374489652
78.0364433539
78.0386780457
