58.0748353591
63.1327250502
65.411216812
66.762534945
67.703563663
68.4358721667
69.054881796
69.5685257068
70.027531403
70.4106693125
70.7392807421
71.0640931956
71.3665587311
71.6179615588
71.8455649189
72.0736152174
72.2937323599
72.4758597418
72.658992735
72.8207844215
72.9680506113
73.1310713783
73.2927513302
73.4426991501
73.5840434067
73.7257228669
73.871536507
74.0116516831
74.1409286038
74.2449535072
74.3538947326
74.4623890196
74.5572516866
74.6502148656
74.7346862158
74.8276493947
74.9183778819
75.0054191276
75.0839685445
75.1598363312
75.229111777
75.3033035449
75.3759310285
75.4504580001
75.5140349819
75.5827517548
75.6531445466
75.7135929598
75.7777286146
75.8474509988
75.9039887014
75.9497998833
76.0035442212
76.0632104923
76.116731361
76.1722634523
76.2219853449
76.2777409054
76.3323791199
76.383330093
76.4313759668
76.470036135
76.5045621233
76.5387529079
76.5842288861
76.6243416039
76.671493601
76.7059078547
76.7402103739
76.7746246276
76.804234294
76.8428944622
76.8820015688
76.9072535861
76.9409974323
76.9706070987
77.00569176
77.0360835685
77.0672575192
77.0866993379
77.1221192029
77.1479298932
77.1796625168
77.2073726952
77.2335185893
77.259776218
77.284022624
77.3048052578
77.3325154361
77.3595552069
77.3757567225
77.4007852707
77.4281602453
77.4496132866
77.4814576448
77.5014581364
77.5283861726
77.5499509485
77.573526947
77.5874937708
77.6077177316
77.6213493516
77.6357631137
77.6491712645
77.6662666568
77.6902895937
77.7105135545
77.737106387
77.7500675994
77.768727276
77.7878338909
77.809063463
77.823253756
77.8504052614
77.8614669858
77.8792327856
77.8949873628
77.9147643853
77.9352118153
77.9554357761
77.9740954526
77.9967775744
78.0140964359
78.0263872408
78.042141818
78.0613601675
78.0736509724
78.0957744213
78.1065009419
78.1158866475
78.1323116322
78.1524238585
78.1733182268
78.1928717801
78.2107493145
78.2285151143
78.2467278525
78.2642701832
78.2843824094
78.3040476973
78.3137686066
78.3333221599
78.3443838843
78.3554456087
78.3678481482
78.3823736449
78.3977930184
78.4139945339
78.4339950256
78.4487439915
78.460587858
78.4694148906
78.4783536579
78.4915383395
78.5067342437
78.5162316839
78.5347796259
78.5462882887
78.5567913401
78.5742219362
78.5879652908
78.5952280391
78.6066249673
78.6191392414
78.6249494401
78.6385810601
78.6494193153
78.662603997
78.6731070484
78.6814871427
78.6959009048
78.7069626292
78.7179126191
78.7295330165
78.7400360679
78.7484161622
78.759366152
78.7753441984
78.7818248046
78.7928865291
78.8023839692
78.8080824333
78.8172446697
78.8195910961
78.8302058822
78.839256384
78.8451783172
78.8544522882
78.8588099372
78.8658492164
78.8788104289
78.8884196036
78.9002634702
78.9096491757
78.9179175354
78.9255154875
78.9336721126
78.9361302736
78.9487562823
78.9525552583
78.9594828029
78.9587006608
78.9659634092
78.9735613613
78.9797067637
78.9854052278
78.9902098152
78.9954613409
79.0039531698
79.0106572452
79.0156853018
79.024065396
79.026523557
79.0344567129
79.0421663996
79.0511051668
79.0604908724
79.066859744
79.0705469855
79.0755750421
79.0760219804
79.083508198
79.0907709463
79.0932291073
79.0957990029
79.1017209362
79.1084250116
79.1094306229
79.1131178643
79.1222801007
79.1292076453
79.1341239673
79.1431744691
79.1499902791
79.1539009897
79.1569178237
79.1677560789
79.1760244386
79.1794882109
79.1803820876
79.1898795278
79.1928963617
79.1972540107
79.2035111478
79.205075432
79.2123381804
79.2190422558
79.225522862
79.2305509186
79.2344616292
79.2413891738
79.2467524341
79.24786978
79.2542386517
79.2616131346
79.266976395
79.2720044515
79.2725631245
79.2741274087
79.2828427067
79.2851891331
79.2888763746
79.2984855494
79.3011671795
79.3089886008
79.3121171694
79.3230671592
79.3297712346
79.3314472535
79.3346875566
79.3380395943
79.3416151012
79.3458610156
79.3470900961
79.3514477451
79.3579283513
79.3622860003
79.3679844644
79.3674257915
79.37055436
79.3778171084
79.3861972026
79.3876497523
79.3889905674
79.3946890315
79.4006109647
79.4039630024
79.4104436087
79.4130135042
79.4130135042
79.415806869
79.4204997218
79.4236282903
79.4256395129
79.4279859393
79.4308910387
79.4359190952
79.4384889908
79.4427349052
79.4439639857
79.4475394926
79.4482099001
79.4526792837
79.45234408
79.4607241742
79.4687690647
79.47279151
79.4791603816
79.4840767036
79.4856409878
79.4887695563
79.49323894
79.4969261814
79.5021777072
79.5064236216
79.5077644367
79.5046358681
79.5098873939
79.5116751473
79.5114516781
79.5146919813
79.5236307485
79.5284353358
79.5313404352
79.5331281886
79.5371506339
79.5434077709
79.5474302162
79.5531286803
79.5553633721
79.5565924526
79.5587154098
79.5648608122
79.563296528
79.5649725468
79.5664250965
79.5653077506
79.5666485657
79.5708944801
79.5730174373
79.5726822335
79.5735761103
79.5801684511
79.5801684511
79.5857551806
79.5883250761
79.5901128296
79.5974873125
79.5983811893
79.5991633314
79.601733227
79.6054204684
79.6091077099
79.6132418897
79.612348013
79.6143592356
79.6164821929
79.6187168847
79.6211750456
79.6218454532
79.6219571878
79.6236332066
79.6260913676
79.6320133009
79.6374882958
79.6419576794
79.6457566555
79.6522372617
79.6574887874
79.6665392892
79.6729081609
79.6768188715
79.6816234589
79.6827408048
79.6893331456
79.6886627381
79.6907856953
79.6912326337
79.6912326337
79.6943612022
79.6981601782
79.6995009933
79.7040821115
79.7095571064
79.7122387366
79.7163729164
79.717043324
79.7178254661
79.7182724045
79.7178254661
79.7163729164
79.7201718925
79.7202836271
79.7208423
79.7246412761
79.7266524987
79.7255351528
79.7294458635
79.7308984131
79.7340269817
79.7382728961
79.7424070759
79.7446417677
79.7464295212
79.7485524784
79.7529101274
79.7541392079
79.7583851223
79.7610667525
79.7620723638
79.7593907336
79.7599494066
79.7610667525
79.7619606292
79.7624075676
79.7627427713
79.7692233776
79.7713463348
79.7749218417
79.7774917372
79.7777152064
79.7788325523
79.7828549976
79.7814024479
79.7838606089
79.7864305044
79.7875478503
79.7898942767
79.7912350918
79.7950340679
79.7946988641
79.7984978402
79.8011794703
79.8029672238
79.806989669
79.8071014036
79.8066544652
79.8090008916
79.810006503
79.8135820098
79.8176044551
79.8165988438
79.8203978198
79.8250906726
79.8265432223
79.832353421
79.8326886247
79.8359289279
79.8392809656
79.8452028988
79.8472141215
79.8514600359
79.8505661592
79.8539181969
79.859616661
79.860957476
79.8598401301
79.8624100257
79.8657620634
79.8687788974
79.8722426697
79.8758181765
79.8753712382
79.8767120533
79.879505418
79.8834161287
79.8871033701
79.8864329626
79.8876620431
79.8877737777
79.8916844883
79.895036526
79.8966008103
79.897494687
79.8977181562
79.8961538719
79.8976064216
79.8964890757
79.8973829524
79.9000645826
79.9029696819
79.9064334542
79.9093385536
79.9097854919
79.9126905913
79.9151487523
79.9139196718
79.9114615108
79.9117967146
79.9123553875
79.916042629
79.9193946667
79.9243109887
79.9252048654
79.9233053773
79.9218528277
79.9255400691
79.9250931308
79.9283334339
79.929115576
79.9279982301
79.9282216993
79.9294507798
79.9311267986
79.9304563911
79.9317972062
79.9306798603
79.9341436326
79.9348140401
79.9399538313
79.9436410727
79.9463227029
79.9488925985
79.9511272903
79.9512390249
79.9541441242
79.9541441242
79.9542558588
79.9564905506
79.9541441242
79.9542558588
79.9561553468
79.9564905506
79.9599543229
79.9595073845
79.961295138
79.9629711568
79.965652787
79.9648706449
79.9658762562
79.9628594222
79.9662114599
79.9644237065
79.965652787
79.9672170713
79.9692282939
79.9714629857
79.9729155354
79.9739211467
79.9739211467
79.9754854309
79.974926758
79.9744798196
79.9752619617
79.9785022649
79.9785022649
79.9807369567
79.9805134875
79.9833068522
79.9852063403
79.9866588899
79.9895639893
79.9926925578
79.9939216383
79.9921338849
79.9964915339
79.9980558181
79.9982792873
79.9986144911
80.0028604055
80.0044246898
80.0027486709
80.004089486
80.0025252017
80.004089486
80.0050950973
80.0081119312
80.008447135
80.0101231539
80.0135869262
80.0141455991
80.0150394758
80.0168272293
80.017721106
80.0200675324
80.0246486506
80.0272185462
80.026436404
80.0238665085
80.0265481386
80.0282241575
80.0311292568
80.0293415034
80.0311292568
80.0290062996
80.0281124229
80.0314644606
80.0310175222
80.0310175222
80.0343695599
80.0378333322
80.0388389435
80.040068024
80.0427496542
80.044984346
80.0482246491
80.0477777107
80.0462134265
80.0492302604
80.0506828101
80.0541465824
80.0552639283
80.0553756629
80.0601802502
80.0598450465
80.0595098427
80.0597333119
80.0637557571
80.067889937
80.0703480979
80.0683368753
80.0684486099
80.0693424866
80.0734766665
80.0742588086
80.0750409507
80.0705715671
80.074147074
80.0767169696
80.0780577847
80.0779460501
80.0777225809
80.0788399268
80.0814098224
80.083421045
80.0824154337
80.0798455381
80.0817450261
80.081521557
80.0846501255
80.0899016512
80.0913542009
80.0911307317
80.0942593002
80.0961587883
80.096493992
80.1002929681
80.103309802
80.0988404184
80.0991756222
80.0966057266
80.0943710348
80.094035831
80.0919128738
80.0891195091
80.0897899166
80.0890077745
80.0845383909
80.0802924765
80.0814098224
80.0801807419
80.0757113583
80.0751526853
80.0731414627
80.0729179935
80.0724710552
80.0718006476
80.076046562
80.0740353394
80.0733649319
80.0737001356
80.074147074
80.0748174815
80.0752644199
80.0755996237
80.0737001356
80.0729179935
80.0731414627
80.0776108463
80.0783929884
80.076605235
80.0779460501
80.0763817658
80.0800690073
80.080962884
80.0810746186
80.0835327796
80.0847618601
80.0867730827
80.0885608361
80.0876669594
80.0862144097
80.0846501255
80.0842031871
80.0823036991
80.0866613481
80.0873317556
80.0865496135
80.088337367
80.0884491015
80.089678182
80.0887843053
80.0910189971
80.0907955279
80.0892312437
80.0924715468
80.0935888927
80.0952649115
80.0985052147
80.0992873568
80.1025276599
80.1049858209
80.1037567404
80.1055444938
80.1075557165
80.110684285
80.1130307114
80.1156006069
80.1140363227
80.1140363227
80.1159358107
80.1159358107
80.1188409101
80.1207403981
80.1245393742
80.1210756019
80.1230868245
80.124315905
80.1258801892
80.1242041704
80.1247628433
80.1242041704
80.1247628433
80.1328077338
80.1296791653
80.1331429376
80.135489364
80.1394000746
80.1421934394
80.1436459891
80.1446516004
80.1456572117
80.1448750696
80.1487857802
80.1505735337
80.1531434292
80.1514674104
80.1567189361
80.1581714858
80.1570541399
80.1585066895
80.1609648505
80.1610765851
80.1607413814
80.1613000543
80.1595123009
80.164652092
80.1619704618
80.162752604
80.1634230115
80.1664398454
80.1696801486
80.1711326982
80.173926063
80.1734791246
80.1790658541
80.1800714654
80.1792893233
80.1769428969
80.1777250391
80.1824178918
80.1838704415
80.1836469723
80.1848760528
80.1825296264
80.1836469723
80.18699901
80.18699901
80.1871107446
80.1862168679
80.1896806402
80.1906862515
80.1903510477
80.1901275786
80.1909097207
80.1882280905
80.1899041094
80.1903510477
80.1914683936
80.1926974741
80.1929209433
80.1914683936
80.1903510477
80.1895689056
80.1903510477
80.1910214553
80.1918035974
80.1932561471
80.1958260427
80.1967199194
80.1982842036
80.2005188954
80.2001836917
80.2004071608
80.2027535872
80.2044296061
80.2057704212
80.2062173595
80.2068877671
80.2086755205
80.2090107243
80.2086755205
80.2100163356
80.209904601
80.2140387808
80.2164969418
80.2170556148
80.2176142877
80.2208545908
80.2197372449
80.2185081644
80.2180612261
80.2162734726
80.2196255103
80.219178572
80.2219719367
80.2201841833
80.2182846953
80.2169438802
80.2171673494
80.2200724487
80.2198489795
80.2238714248
80.2245418323
80.2246535669
80.2247653015
80.225994382
80.2267765241
80.2257709128
80.2291229505
80.2280056046
80.2293464197
80.2307989694
80.2319163153
80.232810192
80.2360504951
80.2350448838
80.2357152913
80.2370561064
80.2377265139
80.2378382485
80.239626002
80.2409668171
80.2424193667
80.2435367126
80.2442071202
80.2453244661
80.246441812
80.2452127315
80.2471122195
80.2465535466
80.2444305894
80.2446540585
80.2437601818
80.2444305894
80.2466652812
80.2475591579
80.252698949
80.2581739439
80.2577270056
80.2590678207
80.2589560861
80.2640958772
80.2652132231
80.2636489389
80.2637606734
80.2647662848
80.2639841426
80.2624198584
80.2652132231
80.2682300571
80.2684535262
80.2697943413
80.2714703602
80.273705052
80.2751576016
80.273146379
80.2759397438
80.275045867
80.2753810708
80.278062701
80.2745989287
80.275045867
80.27560454
80.2759397438
80.278062701
80.2785096393
80.2794035161
80.2792917815
80.2789565777
80.2814147387
80.2838728997
80.2856606531
80.2870014682
80.2881188141
80.2895713638
80.2897948329
80.293593809
80.2922529939
80.2942642166
80.29605197
80.298510131
80.2986218656
80.2991805385
80.3006330882
80.3021973724
80.30286778
80.3039851259
80.3062198177
80.3063315523
80.3076723674
80.3083427749
80.3094601208
80.3094601208
80.3080075711
80.30968359
80.3108009359
80.3104657321
80.3128121585
80.3097953246
80.3103539975
80.3118065472
80.30968359
80.307225429
80.3093483862
80.3099070592
80.3129238931
80.3110244051
80.3134825661
80.3129238931
80.3144881774
80.3158289924
80.3168346038
80.3179519497
80.3219743949
80.3249912288
80.3242090867
80.3245442905
80.3234269446
80.3243208213
80.3265555131
80.3273376552
80.3296840816
80.3311366313
80.3313601005
80.3310248967
80.3330361193
80.3333713231
80.3330361193
80.3294606124
80.3314718351
80.3302427546
80.3289019395
80.3297958162
80.3309131621
80.329572347
80.33013102
80.3278963282
80.3280080628
80.3278963282
80.3299075508
80.3341534652
80.3300192854
80.3322539772
80.3286784703
80.3292371433
80.3310248967
80.3332595885
80.3340417306
80.3330361193
80.3323657118
80.3330361193
80.3333713231
80.3343769344
80.3324774464
80.3364998916
80.3380641759
80.3396284601
80.3419748865
80.3410810098
80.3402988677
80.3418631519
80.3402988677
80.3420866211
80.3395167256
80.3406340715
80.3406340715
80.3380641759
80.3420866211
80.3449917205
80.3472264123
80.345662128
80.3442095783
80.3439861092
80.3447682513
80.3451034551
80.3440978437
80.3458855972
80.3443213129
80.3448799859
