57.9704752519
60.5694218182
60.9079776263
61.4146939925
62.3994109352
62.9669109185
63.3976477634
63.7551984518
64.1034751692
64.4411371006
64.8033806418
65.1342267631
65.4692070643
65.784410343
66.040952962
66.3169373996
66.606329988
66.8990746141
67.1960651547
67.5078046611
67.7986497992
68.0692709765
68.3086064685
68.5660429642
68.7968866274
69.0016961311
69.2006954361
69.3834932255
69.5708721332
69.7536699226
69.9349034278
70.0770298264
70.2275363193
70.3596066049
70.5125712587
70.6584966334
70.7891143693
70.9084469115
71.0301258802
71.134597722
71.2466675158
71.3410832445
71.4098000174
71.502874931
71.5793013906
71.6775160954
71.7555068393
71.8241118776
71.8750628507
71.9444500312
72.0337259687
72.1111580396
72.161773809
72.225015587
72.2860226732
72.3461358827
72.3925057376
72.4484847672
72.5129556257
72.5631244567
72.6040193167
72.6574284508
72.6977646378
72.7278212425
72.7692747755
72.7958676079
72.8335221648
72.8714001908
72.892629763
72.9178817803
72.9559832756
72.9873806954
73.0250352523
73.0568796104
73.0748688795
73.1201213885
73.149954524
73.1940896871
73.2382248502
73.2756559379
73.2953212258
73.3186737551
73.3401267964
73.3818037985
73.4096257115
73.4349894634
73.4688450442
73.4943205308
73.5203546903
73.5497408875
73.5882893211
73.616669907
73.6334300955
73.6582351745
73.6741014863
73.6977892194
73.7186835878
73.7458350932
73.7764503708
73.7900819908
73.8021493266
73.8173452308
73.8357814382
73.8611451902
73.8785757862
73.8973471974
73.9150012626
73.9248339065
73.9323201241
73.9469573554
73.9623767288
73.9800307941
74.0008134278
74.0191379006
74.0386914539
74.0543342965
74.0792511101
74.107073023
74.1175760745
74.1342245284
74.1516551245
74.1601469533
74.1737785733
74.1952316146
74.2057346661
74.2153438409
74.2214892433
74.245847384
74.2660713448
74.2803733723
74.2937815231
74.2972452954
74.2980274375
74.3031672287
74.3113238538
74.3205978248
74.3280840423
74.3302069995
74.3384753592
74.3446207616
74.3626100306
74.3779176695
74.3899850052
74.3988120378
74.3984768341
74.4130023308
74.4193712024
74.428756908
74.4471931154
74.4568022901
74.4712160522
74.4897639942
74.4984792922
74.5119991776
74.5206027411
74.5306588542
74.5425027207
74.5573634212
74.5597098476
74.5735649368
74.5840679883
74.6088730673
74.6236220332
74.641387833
74.6428403827
74.6488740505
74.6492092543
74.6380357953
74.6511087423
74.6585949599
74.6745730063
74.6899923797
74.6918918677
74.6974785972
74.700271962
74.7050765494
74.7042944072
74.7083168525
74.7190433731
74.7350214195
74.7423959025
74.7515581389
74.7531224231
74.7563627262
74.7673127161
74.7850785159
74.7974810554
74.8113361446
74.8202749118
74.8206101156
74.8255264375
74.8425100952
74.8508901895
74.8600524259
74.8685442547
74.8840753627
74.888097808
74.8918967841
74.9086569726
74.9145789059
74.9117855411
74.917819209
74.9261993032
74.9364788855
74.9403895962
74.9503339747
74.9551385621
74.9750273191
74.9882120007
74.9891058775
74.9889941429
74.9974859717
75.0133522835
75.0072068811
75.0101119804
75.0281012494
75.0411741965
75.046202253
75.0594986692
75.0581578542
75.0606160151
75.0651971333
75.0545823473
75.053576736
75.0607277497
75.0678787635
75.0741359005
75.0877675205
75.0923486387
75.0981588374
75.0950302689
75.109444031
75.1193884095
75.1228521818
75.127991973
75.1357016597
75.1287741151
75.1365955364
75.1463164458
75.1580485777
75.1626296959
75.1654230607
75.1711215248
75.1846414102
75.1963735421
75.2086643471
75.214139342
75.2266536161
75.2332459569
75.2390561556
75.2468775769
75.2496709416
75.2596153202
75.2621852157
75.2714591867
75.2803979539
75.2815152998
75.294811716
75.3067673172
75.3045326254
75.3001749764
75.3072142555
75.3093372128
75.3120188429
75.315259146
75.3192815913
75.319616795
75.3292259698
75.3283320931
75.3335836188
75.347438708
75.3463213621
75.35235503
75.3598412475
75.3646458349
75.3685565455
75.3789478624
75.3807356158
75.3864340799
75.388333568
75.398948354
75.3992835578
75.3982779465
75.4008478421
75.4065463062
75.4097866093
75.4084457942
75.4109039552
75.4181667035
75.4195075186
75.4164906847
75.4172728268
75.4212952721
75.4234182293
75.4260998594
75.4349268921
75.4399549486
75.4439773939
75.4459886165
75.4493406542
75.4479998391
75.4549273837
75.4511284076
75.4516870806
75.4514636114
75.4522457535
75.4523574881
75.4614079899
75.4659891081
75.4748161407
75.4793972589
75.4762686904
75.4762686904
75.4768273634
75.4855426614
75.4852074576
75.4903472488
75.4935875519
75.4969395896
75.4951518361
75.4974982625
75.4909059217
75.4951518361
75.4904589833
75.4830845004
75.4882242915
75.4996212197
75.5001798927
75.5075543756
75.5059900914
75.5107946788
75.5102360058
75.5185043655
75.5249849717
75.5321359855
75.539622203
75.5514660696
75.5442033212
75.5485609702
75.5547063727
75.5674441159
75.5674441159
75.5721369687
75.576159414
75.5728073763
75.5667737084
75.5665502392
75.5665502392
75.5702374807
75.5671089122
75.5658798317
75.5609635097
75.5564941261
75.5552650456
75.55951096
75.5627512632
75.5608517751
75.5563823915
75.5531420884
75.5554885148
75.5621925902
75.56632677
75.5678910543
75.5709078882
75.5747068643
