58.1275740856
60.818366485
61.4443036589
61.6027433077
61.6152575818
62.0730341975
62.8527181674
63.4612247452
63.88927996
64.2510765628
64.5979007305
64.9522111158
65.3445112617
65.7561414917
66.1777161003
66.5682284928
66.9883505516
67.3932767062
67.7827834874
68.1903912722
68.5377741129
68.9175599847
69.3125417608
69.6259572861
69.959373303
70.2396036551
70.4780452704
70.6964863941
70.9252071001
71.0623054421
71.1780624775
71.3368373301
71.4589632371
71.6348334819
71.7589706116
71.8752863199
72.0138372116
72.1243427213
72.2311609894
72.3320573243
72.4192103046
72.4987653328
72.584577498
72.6693840519
72.7423467392
72.8163150379
72.8859256876
72.9362062531
73.0115153669
73.0949811057
73.1888381614
73.2305151635
73.313533964
73.3529762743
73.4287323264
73.4766664655
73.5224776475
73.5881775865
73.6435979432
73.6678443492
73.7389075486
73.7987972889
73.8474018356
73.8990232162
73.9324318587
73.939694607
73.983047628
74.0100873988
74.0456189985
74.1134418947
74.1607056263
74.2038351781
74.2667417523
74.3182513984
74.3370228095
74.3866329675
74.4258518086
74.4409359783
74.466634934
74.4934512357
74.5346812994
74.5780343204
74.5888725756
74.6128955125
74.6644051586
74.6794893282
74.7142387858
74.7550219112
74.7983749321
74.8190458313
74.8418396877
74.8736840459
74.8951370872
74.919160024
74.9291044026
74.944523776
74.9580436614
74.9850834322
75.0089946345
75.0388277701
75.0454201109
75.0676552943
75.0752532464
75.0922369041
75.1079914814
75.1284389113
75.1589424545
75.1706745864
75.1770434581
75.184976614
75.2173796451
75.2460954347
75.2691127603
75.2989458959
75.3069907864
75.3410698364
75.3738080713
75.4004009037
75.4233064947
75.4326922003
75.4400666832
75.4542569761
75.4704584917
75.4951518361
75.5392869992
75.5638686091
75.5948190905
75.6107971369
75.6567200535
75.6830894167
75.6918047148
75.6980618518
75.7040955197
75.7134812252
75.711358268
75.7167215284
75.7320291672
75.7350460011
75.7390684464
75.7319174326
75.7294592716
75.7452138488
75.7580633267
75.7724770888
75.7549347582
75.7570577154
75.7680077052
75.7836505478
75.7903546232
75.7896842157
75.7991816559
75.8187352091
75.8538198704
75.8806361721
75.9005249291
75.9252182735
75.9471182532
75.962425892
75.9784039384
75.9941585156
76.01203605
76.0314778687
76.0408635743
76.039857963
76.049131934
76.055389071
76.0577354974
76.0748308897
76.0737135438
76.09382577
76.1017589259
76.1176252377
76.128463493
76.1399721557
76.1604195857
76.180531812
76.2167338192
76.2333822731
76.2501424616
76.2625450011
76.2764000903
76.2825454927
76.2924898713
76.303998534
76.3145015855
76.323105149
76.3326025891
76.3475750242
76.3719331648
76.3724918378
76.3870173345
76.3993081394
76.4033305847
76.3928275332
76.4014310966
76.4102581293
76.4041127268
76.4028836463
76.3953974288
76.404336196
76.4061239494
76.4184147543
76.4171856738
76.4243366876
76.4379683076
76.4512647238
76.4646728746
76.474393784
76.4813213286
76.4924947876
76.4840029587
76.485567243
76.5059029384
76.5078024264
76.5243391458
76.5226631269
76.5285850602
76.5371886236
76.5456804525
76.5616584989
76.5869105162
76.5950671413
76.5939497954
76.5901508193
76.5882513313
76.598977852
76.5954023451
76.5975253023
76.60769315
76.6162967134
76.6375262856
76.6445655647
76.6543982087
76.6602084074
76.6669124828
76.6687002362
76.6748456387
76.6836726713
76.6887007278
76.7027792862
76.7183103942
76.7490374065
76.7421098619
76.7606578039
76.7626690265
76.7708256516
76.7833399257
76.8109383694
76.8158546914
76.8231174398
76.8338439604
76.8545148596
76.8580903665
76.8757444317
76.8818898342
76.8868061561
76.9081474628
76.9138459269
76.9342933569
76.944908143
76.9472545694
76.9418913091
76.9395448827
76.9370867217
76.9240137746
76.9325056035
76.9243489784
76.9236785709
76.912728581
76.9099352163
76.904013283
76.9039015484
76.9103821546
76.913287254
76.9168627609
76.9260249973
76.9434555933
76.9539586448
76.9589867013
76.9674785302
76.9494892612
76.9422265128
76.9454668159
76.9548525215
76.958539763
76.9386510059
76.9458020197
76.9507183417
76.9644616963
76.9580928246
76.9632326158
76.9699366912
76.972171383
76.9675902648
76.9693780182
76.9582045592
76.9547407869
76.9485953845
76.9460254889
76.9370867217
76.9303826463
76.9317234614
76.9300474425
76.9211086753
76.9079239937
76.9009964491
76.8912755397
76.8959683925
76.9032311409
76.9018903258
76.9073653207
76.906471444
76.9252428551
76.9333994802
76.9561933366
76.9602157818
76.9635678195
76.9515004838
76.9601040473
76.9661377151
76.9690428145
76.9909427941
77.0028983953
77.0064739022
77.0134014467
77.019882053
77.0365305069
77.0346310189
77.0367539761
77.0279269435
77.0246866403
77.0445753974
77.0493799848
77.0548549797
77.062117728
77.0569779369
77.0720621066
77.0690452726
77.0764197556
77.0915039252
77.1113926823
77.1167559426
77.1289350129
77.1404436757
77.1500528505
77.1640196742
77.1607793711
77.1642431434
77.1648018164
77.1493824429
77.1455834669
77.1539635611
77.14882377
77.1470360165
77.1503880542
77.1391028606
77.1337396003
77.139549799
77.1489355046
77.1616732478
77.1693829346
77.1690477308
77.1646900818
77.1778747634
77.1909477104
77.195975767
77.1972048475
77.1905007721
77.1953053595
77.2109482021
77.2308369591
77.2414517452
77.2489379627
77.2448037829
77.2464798017
77.2607818293
77.261675706
77.2527369388
77.2450272521
77.2425690911
77.2484910244
77.2530721426
77.2598879526
77.2623461135
77.264133867
77.2655864166
77.2608935639
77.2702792694
