58.3208749265
62.4066736836
64.9750049722
66.7468921024
67.8956354234
68.7619137007
69.4385783785
70.0293191564
70.5003921884
70.9291178107
71.2876741104
71.6133804406
71.9205388289
72.2065793796
72.4358587585
72.7025692252
72.9241389174
73.1211269998
73.3231431387
73.5109689847
73.6791295428
73.8450554092
74.0084113799
74.1623816451
74.3157932374
74.4631711617
74.5921128788
74.713903582
74.8382641808
74.9497753017
75.0631859107
75.18195978
75.2744760206
75.3810708196
75.4707936955
75.566885443
75.6275573254
75.7137046944
75.7756056573
75.847674468
75.9123687957
75.9744932278
76.0426513277
76.1101390202
76.1812022195
76.232041458
76.3047806762
76.3594188907
76.4126045556
76.4593096143
76.4974111095
76.5466860638
76.5863518433
76.6284757838
76.6742869657
76.7145114182
76.7538419939
76.7947368539
76.836413856
76.8727275978
76.9090413396
76.9401035556
76.9831213728
77.0209993989
77.0598830362
77.0934034133
77.1315049085
77.1688242616
77.1998864777
77.2337420585
77.2669272317
77.308827703
77.3398899191
77.3740807037
77.4065954694
77.4387750313
77.4600046035
77.4880499856
77.5211234243
77.5459285033
77.5680519521
77.5954269267
77.619338129
77.6440314734
77.6658197185
77.6834737837
77.7140890614
77.7448160737
77.7795655312
77.7988956153
77.8225833484
77.8403491482
77.8705174876
77.9015797036
77.9194572381
77.9445975208
77.9607990364
77.9771122866
77.9999061429
78.0262755062
78.0482872205
78.0724218919
78.0963330942
78.120914704
78.1392391768
78.159910076
78.1851620934
78.2044921775
78.2284033797
78.2518676437
78.2713094624
78.2966732143
78.3160032984
78.3320930794
78.3518701018
78.3704180438
78.3882955782
78.4104190271
78.4288552344
78.4440511387
78.4525429675
78.4715378479
78.4917618087
78.499024557
78.5141087267
78.5245000436
78.5319862611
78.5446122698
78.5620428659
78.5767918318
78.5881887599
78.6051724176
78.6164576112
78.6305361696
78.6461790122
78.6563468599
78.6646152196
78.6855095879
78.6935544784
78.7019345727
78.7100911978
78.7238345524
78.7332202579
78.748751366
78.7614891092
78.7684166538
78.7848416386
78.8058477415
78.8164625276
78.8288650671
78.8390329148
78.8473012744
78.8562400417
78.86350279
78.8767992062
78.8892017457
78.9051797921
78.9126660097
78.916129782
78.9268563026
78.9381414962
78.9484210785
78.9639521865
78.9727792192
78.9819414555
78.9942322605
78.9997072554
79.0111041836
79.0201546854
79.0288699834
79.0359092626
79.0408255845
79.0526694511
79.0632842372
79.0673066824
79.0718878006
79.0793740181
79.0830612596
79.0911061501
79.0975867563
79.1025030783
79.1132295989
79.1188163284
79.1271964227
79.1373642704
79.1384816163
79.1410515119
79.1452974263
79.1483142602
79.1512193596
79.160381596
79.1652979179
79.1713315858
79.1793764763
79.1874213668
79.195801461
79.2036228824
79.2125616496
79.22060654
79.2259698004
79.2295453073
79.2369197902
79.2466406995
79.2485401876
79.2535682441
79.2627304805
79.2715575131
79.278149854
79.2845187256
79.2923401469
79.2987090185
79.3053013594
79.304854421
79.3084299279
79.3170334913
79.3218380787
79.3313355189
79.3350227603
79.3391569402
79.3479839728
79.3522298872
79.361280389
79.3636268154
79.3678727298
79.3737946631
79.3790461888
79.3810574115
79.3869793447
79.3920074013
79.3925660742
79.4012813723
79.4082089169
79.415806869
79.4203879872
79.4299971619
79.4345782801
79.4397180713
79.4512267341
79.4518971416
79.4578190749
79.4675399842
79.4646348849
79.4733501829
79.4775960973
79.4849705803
79.4787134432
79.4855292532
79.4895516985
79.4967027122
79.5046358681
79.505753214
79.5074292329
79.5168149385
79.5225134026
79.5276531937
79.531675639
79.5353628804
79.5401674678
79.547206747
79.5502235809
79.5575980639
79.5603914286
79.5672072386
79.5758108021
79.5789393706
79.5846378347
79.5925709906
79.5933531327
79.5952526207
79.594917417
79.6027388383
79.6083255678
79.6106719942
79.6171526004
79.6217337186
79.6193872922
79.6207281073
79.6234097374
79.6244153488
79.6263148368
79.6260913676
79.6296668745
79.6365944191
79.6380469688
79.6407285989
79.648326551
79.6514551196
79.655701034
79.6586061333
79.6641928628
79.6698913269
79.6706734691
79.671232142
79.6774892791
79.6857576387
79.684863762
79.6914561028
79.6967076286
79.6950316097
79.6969310977
79.6992775241
79.7002831355
79.7051994574
79.7084397605
79.7146968976
79.7247530107
79.7316805553
79.7372672848
79.7436361564
79.7458708482
79.7506754356
79.7572677764
79.7607315487
79.7652009323
79.7677708279
79.7689999084
79.7760391876
79.7779386756
79.7872126466
79.7922407031
79.7910116226
79.8006207974
79.8043080389
79.8098947684
79.8072131382
79.8106769105
79.8167105784
79.822520777
79.8278840374
79.8350350511
79.8402865769
79.8433034108
79.8512365667
79.8601753339
79.8582758459
79.8626334949
79.8653151251
79.8720192005
79.875147769
79.8810697023
79.8812931715
79.8841982708
79.8864329626
79.8862094934
79.8862094934
79.8914610192
79.8915727537
79.8943661185
79.8971594832
79.8993941751
79.9033048857
79.9058747813
79.908668146
79.9117967146
79.9145900793
79.9144783447
79.9212941547
79.9256518037
79.9274395572
79.9333614905
79.9317972062
79.9382778124
79.9444232149
79.9509038211
79.9538089204
79.9574961619
79.9609599342
79.9638650336
79.9635298298
79.9642002373
79.9648706449
79.9701221706
79.9686696209
79.9762675731
79.9796196108
79.9825247101
79.9816308334
79.9839772598
79.9897874585
79.9941451075
80.0018547942
80.002189998
80.0071063199
80.0105700922
80.0117991727
80.0160450871
80.0141455991
80.0197323286
80.022637428
80.0286710958
80.0324700719
80.0387272089
80.0415205737
80.0445374076
80.0513532176
80.0559343358
80.0589511697
80.0621914729
80.064873103
80.0642026955
80.0666608565
80.0734766665
80.0793985997
80.0823036991
80.087778694
80.0874434902
80.0905720588
80.0949297078
80.0961587883
80.0959353191
80.0983934801
80.0997342951
80.1036450058
80.1059914322
80.1132541805
80.1170531566
80.1220812132
80.1247628433
80.1300143691
80.1343720181
80.1367184445
80.13928834
80.1402939514
80.1455454771
80.1474449651
80.1492327186
80.1532551638
80.1590653625
80.1582832204
80.160294443
80.1595123009
80.1613000543
80.1649872958
80.1640934191
80.1674454568
80.1672219876
80.1723617787
80.1732556554
80.1718031058
80.1721383095
80.1749316743
80.1787306504
80.1823061572
80.1847643182
80.1858816641
80.1847643182
80.1842056453
80.1872224792
80.1911331899
80.1920270666
80.1937030854
80.1963847156
80.2013010376
80.2025301181
80.2009658338
80.2040944023
80.2039826677
80.210463274
80.2130331695
80.2120275582
80.214820923
80.2145974538
80.2138153117
80.2145974538
80.2224188751
80.2257709128
80.225435709
80.2296816235
80.2294581543
80.2292346851
80.2269999933
80.2275586662
80.2287877467
80.2323632536
80.2379499831
80.2427545705
80.2472239541
80.2533693566
80.2569448634
80.2635372043
80.2664423036
80.2655484269
80.276163213
80.2773922934
80.281861677
80.2863310607
80.287336672
80.2870014682
80.2914708518
80.294152482
80.298510131
80.3044320643
80.3016386995
80.307784102
80.3106892013
80.3133708315
80.3151585849
80.3177284805
80.3195162339
80.3213039874
80.3230917408
80.3232034754
80.3251029634
80.3244325559
80.3283432665
80.3281197974
80.325214698
80.3251029634
80.327672859
80.3292371433
80.3333713231
80.3366116262
80.338846318
80.3429804978
80.3424218249
80.3454386588
80.350019777
80.35057845
80.3525896726
80.3551595682
80.3542656914
80.3552713028
80.3586233405
80.3558299757
80.361193236
80.359852421
80.3645452737
80.3634279278
80.3623105819
80.3635396624
80.363651397
80.3643218046
80.3630927241
80.365550885
80.3671151693
80.3682325152
80.3692381265
80.3737075101
80.375383529
80.37784169
80.377283017
80.3757187328
80.3794059742
80.3851044383
80.3863335188
80.3897972911
80.3912498408
80.3947136131
80.395272286
80.3972835086
80.3981773854
80.4025350344
80.4032054419
80.4068926834
80.4096860481
80.4120324745
80.4122559437
80.4137084934
80.4144906355
80.4147141047
80.418177877
80.420077365
80.4218651185
80.4233176681
80.4251054216
80.4295748052
80.4316977624
80.4335972504
80.4351615347
80.4376196957
80.4387370416
80.4461115245
80.4482344817
80.4504691735
80.4524803962
80.4511395811
80.4505809081
80.4569497798
80.4582905949
80.4587375332
80.4597431445
80.4617543671
80.4626482439
80.4630951822
80.4605252867
80.460972225
80.4604135521
80.4605252867
80.460972225
80.4619778363
80.4606370212
80.4651064049
80.4639890589
80.4641007935
80.4664472199
80.4671176275
80.4694640539
80.4714752765
80.4718104803
80.4732630299
80.4779558827
80.4813079204
80.4809727166
80.4825370009
80.4828722047
80.4804140437
80.4848834273
80.4874533229
80.488794138
80.4954982134
80.4935987253
80.4965038247
80.4996323932
80.5007497391
80.5045487152
80.506224734
80.5032079001
80.5079007529
80.5093533025
80.5092415679
80.5128170748
80.5172864584
80.5192976811
80.5210854345
80.5239905338
80.5238787993
80.5276777753
80.5323706281
80.5357226658
80.5388512343
80.5437675563
80.5424267412
80.542203272
80.5429854142
80.5468961248
80.5529297927
80.5528180581
80.5536002002
80.5537119348
80.5523711197
80.5542706078
80.553935404
80.5529297927
80.553376731
80.5587399914
80.5611981524
80.567008351
80.5689078391
80.5699134504
80.5708073271
80.5695782466
80.5695782466
80.571924673
80.5725950805
80.574382834
80.5750532415
80.5737124265
80.5721481422
80.5733772227
80.5731537535
80.5730420189
80.574382834
80.5710307963
80.5740476302
80.5767292604
80.578740483
80.583098132
80.5828746628
80.5852210892
80.5872323119
80.5864501697
80.5881261886
80.5901374112
80.5921486338
80.5930425105
80.5961710791
80.6005287281
80.6029868891
80.6044394387
80.6051098463
80.6083501494
80.6108083104
80.6149424902
80.6118139217
80.6155011632
80.6168419782
80.6161715707
80.6168419782
80.6193001392
80.6185179971
80.6191884046
80.6193001392
80.6223169732
80.6236577882
80.6252220725
80.6262276838
80.6284623756
80.6293562523
80.6286858448
80.6303618636
80.633266963
80.6340491051
80.63270829
80.6324848209
80.630808802
80.6267863568
80.6305853328
80.6310322712
80.6300266599
80.6324848209
80.6333786976
80.6314792095
80.630808802
80.6305853328
80.6315909441
80.6324848209
80.6336021668
80.6367307353
80.6393006309
80.6390771617
80.6394123654
80.6388536925
80.6416470572
80.6387419579
80.6410883843
80.6449990949
80.6480159289
80.6466751138
80.6495802131
80.6505858245
80.6518149049
80.6519266395
80.651256232
80.6518149049
80.6525970471
80.6552786772
80.6565077577
80.6551669427
80.6604184684
80.6626531602
80.6671225438
80.6681281551
80.669804174
80.671703662
80.6758378418
80.6774021261
80.6829888556
80.6848883436
80.6876817084
80.6886873197
80.6851118128
80.6861174241
80.6870113008
80.6864526279
80.6861174241
80.6862291587
80.6868995662
80.6865643625
80.6882403813
80.6884638505
80.6873465046
80.6876817084
80.6864526279
80.6886873197
80.6895811964
80.6917041536
80.695950068
80.6996373095
80.7036597548
80.7019837359
80.7035480202
80.7094699535
80.7106990339
80.7092464843
80.7077939346
80.7109225031
80.7100286264
80.7146097446
80.7151684175
80.7156153559
80.7132689295
80.7136041333
80.7137158679
80.71449801
80.7133806641
80.7147214792
80.7171796402
80.7200847395
80.7220959621
80.7233250426
80.723213308
80.7244423885
80.7264536112
80.7260066728
80.7269005495
80.7288000375
80.7303643218
80.7319286061
80.7341632979
80.7360627859
80.7367331934
80.7370683972
80.737403601
80.7397500274
80.7372918664
80.7390796198
80.7399734966
80.741202577
80.7450015531
80.7470127757
80.7453367569
80.7443311456
80.7481301216
80.746118899
80.7483535908
80.7518173631
80.7537168511
80.7550576662
80.7587449077
80.7596387844
80.7634377605
80.7615382724
80.760309192
80.7580745002
80.7607561303
80.7615382724
80.7608678649
80.7591918461
80.7594153152
80.7577392964
80.7586331731
80.7629908221
80.7631025567
80.7619852108
80.7618734762
80.7624321492
80.7652255139
80.7675719403
80.7667897982
80.766566329
80.7656724523
80.7645551064
80.766566329
80.7688010208
80.7669015328
80.7701418359
80.7699183667
80.7689127554
80.7702535705
80.7699183667
80.7711474472
80.7723765277
80.773940812
80.7795275415
80.7795275415
80.7797510106
80.7800862144
80.7791923377
80.7831030483
80.7827678446
80.7839969251
80.7850025364
80.7825443754
80.7810918257
80.7831030483
80.7817622333
80.7846673326
80.7874606974
80.788913247
80.7882428395
80.7865668206
80.7890249816
80.7899188583
80.7873489628
80.7934943652
80.7944999765
80.7958407916
80.7974050759
80.7965111992
80.7997515023
80.7985224218
80.7984106872
80.8001984406
80.7996397677
80.8023213978
80.8024331324
80.8026566016
80.8044443551
80.8046678242
80.807461189
80.8085785349
80.8088020041
80.8103662883
80.8110366959
80.814276999
80.8158412832
80.8180759751
80.8163999562
80.8170703637
80.8159530178
80.8190815864
80.8204224014
80.8194167901
80.8172938329
80.8190815864
80.8204224014
80.8198637285
80.816176487
80.8150591411
80.8159530178
80.8197519939
80.8176290367
80.8195285247
80.8196402593
80.8176290367
80.8188581172
80.8200871977
80.8195285247
80.822992297
80.8236627046
80.8245565813
80.8252269888
80.827908619
80.8289142303
80.8310371875
80.8323780026
80.8334953485
80.8331601447
80.8340540214
80.8348361636
80.8372943246
80.8368473862
80.8359535095
80.8353948365
80.836623917
80.8370708554
80.8378529975
80.8384116705
80.841540239
80.8388586088
80.8367356516
80.8400876893
80.8431045232
80.8445570729
80.8445570729
80.8466800301
80.8473504377
80.8495851295
80.8522667596
80.8528254326
80.8533841055
80.852155025
80.8515963521
80.8530489018
80.855171859
80.8564009395
80.8560657357
80.855171859
80.8542779823
80.8543897168
80.8572948162
80.8559540011
80.8539427785
80.8536075747
80.8558422665
80.8568478778
80.8556187973
80.8588591004
80.858970835
80.8606468539
80.8628815457
80.8608703231
80.8624346073
80.8625463419
80.8600881809
80.8580769583
80.8584121621
80.8579652237
80.8622111382
80.8636636878
80.8643340954
80.8656749104
80.8660101142
80.865786645
80.8654514413
80.8679096022
80.8677978677
80.8699208249
80.8713733745
80.8749488814
80.8767366349
80.8784126537
80.8783009191
80.8772953078
80.8789713267
80.8779657154
80.8778539808
80.8776305116
80.8760662273
80.8764014311
