57.9720395362
63.4013350049
65.7741307608
67.0432122354
67.9912802326
68.6983367189
69.2820382177
69.8131127246
70.3019515564
70.772018977
71.1966104195
71.6146095211
71.9564056323
72.2725027878
72.5601076228
72.8272650277
73.0901765183
73.3218023236
73.5523107831
73.7637126276
73.985505789
74.1710969432
74.3607105426
74.5314409963
74.7121158285
74.8762539414
75.0279895148
75.1784960077
75.326991278
75.4668829848
75.5825282856
75.689570023
75.8009694093
75.9131509378
76.0222038977
76.1185191144
76.2272368706
76.3413178871
76.4415438145
76.5380825004
76.6460181144
76.7379756821
76.8311623302
76.9189857181
77.0132897121
77.1044651377
77.1905007721
77.2759777335
77.3529628661
77.4300597333
77.5041397666
77.5737504162
77.6419085162
77.7042564175
77.7815767538
77.8396787407
77.9089541866
77.983816362
78.0383428419
78.0937631986
78.1499656975
78.2101906416
78.2658344674
78.3163385022
78.3669542715
78.4107542308
78.4522077638
78.5017061872
78.5494168572
78.5926581436
78.6437208512
78.6922136634
78.743835044
78.7937804058
78.8261834369
78.8633910554
78.8938945985
78.9277501793
78.9699858544
79.0103220414
79.044512826
79.0847372785
79.121944897
79.1652979179
79.2044050245
79.234796833
79.2789319961
79.3146870649
79.3537941715
79.3901079133
79.4253043092
79.458601217
79.485864457
79.5151389196
79.5511174576
79.574469987
79.6117893401
79.6344714619
79.6542484843
79.6801709092
79.7131326133
79.7403958533
79.7637483826
79.7921289685
79.8227442462
79.8427447379
79.8747008306
79.9016288669
79.9177186478
79.942747196
79.9728038008
79.9974971452
80.0244251814
80.0567164779
80.0776108463
80.1064383706
80.1323607955
80.1557133248
80.1757138164
80.1989546112
80.2177260223
80.2421958976
80.2666657728
80.2871132028
80.3137060352
80.3304662238
80.3567238524
80.3785120975
80.3938197364
80.4080100293
80.4239880757
80.438625307
80.458514064
80.4766150676
80.4894645455
80.5017553504
80.5219793112
80.5405272532
80.5603042756
80.5702486542
80.5876792502
80.6058919884
80.6165067745
80.626451153
80.6367307353
80.6480159289
80.6639939753
80.6825419172
80.7001959825
80.7118163798
80.7302525872
80.7513704247
80.7617617416
80.7724882623
80.7904775313
80.8007571136
80.8098076154
80.8244448467
80.8397524855
80.8549483898
80.8694738865
80.884334587
80.8953963114
80.9043350786
80.9180784332
80.9257881199
80.9352855601
80.9464590191
80.9527161562
80.9654538994
80.9769625622
80.9915997935
81.0038905984
81.0172987492
81.0308186346
81.038640056
81.0532772873
81.062886462
81.0774119587
81.085792053
81.1006527535
81.1159603923
81.1288098702
81.1367430261
81.1561848448
81.1655705503
81.1768557439
81.1838950231
81.1957388897
81.2046776569
81.2184210115
81.2262424328
81.2396505836
81.2536174074
81.2661316814
81.2752939178
81.2898194146
81.2995403239
81.307696949
81.3195408155
81.3321668242
81.339317838
81.3535081309
81.3575305762
81.3651285283
81.3774193332
81.3851290199
81.393844318
81.4016657393
81.4150738901
81.422448373
81.4285937755
81.4316106094
81.4351861163
81.4401024383
81.4452422294
81.4535105891
81.4580917073
81.4606616029
81.4678126166
81.478874341
81.4827850517
81.4939585107
81.5035676855
81.5072549269
81.5128416564
81.5239033809
81.5365293895
81.5479263177
81.5528426397
81.5572002887
81.5634574258
81.5709436433
81.5749660886
