55.2933144725
60.9206036349
63.1184230227
64.6513098646
65.9620683413
66.9304720339
67.616075479
68.1357530576
68.5585567466
68.9100737672
69.2566744657
69.5484134806
69.8407111683
70.1074216349
70.3513382452
70.5836344581
70.8069919037
71.0029743748
71.1801854347
71.3520332343
71.5166182856
71.6785217067
71.815284845
71.9667969492
72.0897049983
72.228814563
72.3669185164
72.4947428875
72.6063657431
72.7239105319
72.8349747145
72.9421281864
73.0393372798
73.1382223921
73.2470518828
73.3324171097
73.4114134649
73.4906332893
73.5599087352
73.6338770338
73.7077335979
73.7874003607
73.8498599966
73.9186885041
73.983047628
74.0415965532
74.1068495538
74.1725494928
74.2424953463
74.2908764238
74.3547886093
74.4085329472
74.4655175881
74.5252955939
74.5911072674
74.6602709787
74.7135683782
74.7613907828
74.8156937936
74.8618401793
74.9070926883
74.9477640791
74.9876533278
75.0321236947
75.0789404879
75.1209526938
75.1643057148
75.2012898641
75.2409556436
75.2757051011
75.3083316014
75.3384999408
75.3732493983
75.4054289603
75.4378319914
75.4710171647
75.5049844801
75.533365066
75.5590640217
75.5932548063
75.6287864059
75.659289949
75.6875588003
75.7095705146
75.7415266074
75.7674490323
75.7971704332
75.817953067
75.8404117196
75.8646581257
75.8931504462
75.9179555252
75.9502468217
75.9696886404
75.9845493409
76.0085722778
76.0387406171
76.0591880471
76.0795237425
76.0967308694
76.1151670767
76.1380726677
76.1662297844
76.1957277162
76.2137169852
76.239415941
76.2614276552
76.272377645
76.2911490562
76.2991939467
76.3041102686
76.3223230068
76.342435233
76.3626591939
76.376514283
76.3913749835
76.4148392474
76.4226606688
76.4381917768
76.4545050269
76.470036135
76.4875784656
76.5037799812
76.5193110892
76.5428870877
76.5514906512
76.5732788962
76.5949554067
76.6075814154
76.633056902
76.652945659
76.678309411
76.6961869454
76.7065782623
76.7240088583
76.7437858808
76.7583113775
76.7757419735
76.7840103332
76.7918317545
76.8089271468
76.8253521316
76.8387602824
76.8495985376
76.8656883186
76.878649531
76.8939571699
76.9039015484
76.9214438791
76.9352989682
76.9510535455
76.9617800661
76.9846856571
77.0072560443
77.0165300153
77.0296029623
77.04658662
77.0620059934
77.0754141443
77.0849115844
77.0888222951
77.0989901428
77.1127334974
77.12156053
77.1382089839
77.1503880542
77.1591033523
77.1712824226
77.1843553696
77.1919533218
77.2088252449
77.2218981919
77.2254736988
77.2386583804
77.2482675552
77.2513961237
77.2649160091
77.2732961034
77.2806705863
77.2934083296
77.3013414855
77.3151965747
77.324917484
77.3301690097
77.3329623745
77.3411189996
77.349722563
77.3563149038
77.3623485717
77.3719577464
77.3779914143
77.3796674332
77.3802261061
77.3849189589
77.3945281337
77.4020143512
77.4077128153
77.4132995448
77.4230204541
77.4273781031
77.4387750313
77.4459260451
77.4459260451
77.4539709356
77.4611219494
77.4735244889
77.4782173417
77.4820163177
77.4891673315
77.4938601843
77.5033576244
77.5101734344
77.5178831211
77.5260397462
77.5302856607
77.5339729021
77.5317382103
77.5343081059
77.5434703423
77.5503978869
77.5543085975
77.5591131849
77.5636943031
77.566711137
77.569169298
77.5755381697
77.5790019419
77.5817953067
77.5880524437
77.592074889
77.5965442726
77.6101758926
77.6156508875
77.6186677214
77.6213493516
77.6247013893
77.6290590383
77.6337518911
77.6331932182
77.6388916823
77.6476069803
77.6497299375
77.6516294255
77.6545345249
77.6585569701
77.6607916619
77.6649258418
77.6734176706
77.6756523624
77.682021234
77.6880549019
77.6916304088
77.6907365321
77.6934181622
77.6964349962
77.7025803986
77.7007926452
77.7095079432
77.7138655922
77.7186701796
77.7213518098
77.7236982362
77.7250390512
77.7309609845
77.7331956763
77.7352068989
77.730290577
77.7335308801
77.7430283202
77.7489502535
77.7480563768
77.747721173
77.7497323957
77.7461568888
77.7490619881
77.7529726988
77.7568834094
77.7633640157
77.7688390106
77.7663808496
77.7682803376
77.7677216647
77.768727276
77.7747609438
77.779342062
77.7851522607
77.7869400142
77.7888395022
77.7907389902
77.7864930758
77.7896216443
77.7918563361
77.7968843927
77.7996777574
77.8043706102
77.8086165247
77.8117450932
77.813421112
77.8209073296
77.8248180402
77.8256001824
77.8330863999
77.836885376
77.8383379256
77.843701186
77.8479471004
77.8535338299
77.8552098487
77.8558802563
77.8580032135
77.8554333179
77.8615787204
77.8621373933
77.8621373933
77.8664950423
77.868506265
77.8742047291
77.8762159517
77.8794562548
77.8842608422
77.8904062446
77.8899593063
77.892752671
77.8965516471
77.9006858269
77.9078368407
77.9148761199
77.9121944897
77.9167756079
77.9183398922
77.9203511148
77.9242618254
77.9251557022
77.9263847826
77.9286194744
77.9332005926
77.93800518
77.9392342605
77.9387873221
77.9443740517
77.9477260894
77.9508546579
77.9547653685
77.9600168943
77.9645980125
77.9648214816
77.9641510741
77.9657153584
77.9656036238
77.970184742
77.9688439269
77.9702964766
77.9728663721
77.9784531016
77.9803525897
77.9886209493
77.9913025795
77.9943194134
77.9915260487
77.9933138021
77.9927551292
77.9970010436
78.0043755265
78.0077275643
78.008062768
78.0062750146
78.0066102184
78.0082862372
78.0120852133
78.0119734787
78.0136494975
78.0159959239
78.0174484736
78.0168898006
78.0205770421
78.028510198
78.0299627477
78.0387897803
78.0383428419
78.0413596759
78.0411362067
78.039683657
78.0458290595
78.0467229362
78.0478402821
78.0460525287
78.0481754859
78.0447117136
78.0488458934
78.0513040544
78.0529800733
78.0535387462
78.0523096657
78.049516301
78.0520861965
78.0526448695
78.0566673147
78.0615836367
78.0637065939
78.0677290391
78.0723101573
78.075662195
78.0767795409
78.0763326026
78.0761091334
78.0814723937
78.0866121849
78.0909698339
78.0928693219
78.0957744213
78.0957744213
78.0972269709
78.1040427809
78.1004672741
78.1066126765
78.1091825721
78.1136519557
78.1187917468
78.1223672537
78.1216968462
78.1203560311
78.1210264386
78.1243784763
78.1272835757
78.1313060209
78.1306356134
78.1347697932
78.1397978498
78.1421442762
78.1480662094
78.1498539629
78.1477310057
78.1476192711
78.1482896786
78.1501891667
78.1497422283
78.1524238585
78.1587927301
78.158010588
78.155552427
78.159910076
78.1594631376
78.1622565024
78.1681784357
78.173541696
78.1742121035
78.1793518947
78.1790166909
78.1808044444
78.1837095437
78.1919779034
78.1936539222
78.1944360644
78.1990171825
78.2028161586
78.2021457511
78.203263097
78.2019222819
78.2003579976
78.200804936
78.2005814668
78.2028161586
78.2034865662
78.2060564617
78.2068386039
78.2101906416
78.211978395
78.2216993043
78.223710527
78.2292972565
78.2295207256
78.2309732753
78.2333197017
78.2354426589
78.2400237771
78.2414763268
78.2415880614
78.2428171419
78.2427054073
78.2449400991
78.2406941847
78.2421467343
78.2428171419
78.2459457104
78.2465043833
78.2506385632
78.2549962122
78.2561135581
78.259130392
78.261588553
78.2631528373
78.2585717191
78.2604712071
78.265946202
78.2661696712
78.2672870171
78.2673987517
78.268404363
78.2734324196
78.2742145617
78.2716446661
78.2686278322
78.2714211969
78.2760023151
78.2796895566
78.2785722107
78.2805834333
78.2853880207
78.2876227125
78.291309954
78.2925390345
78.2945502571
78.2948854609
78.2955558684
78.2999135174
78.3029303514
78.3004721904
78.30192474
78.3062823891
78.3057237161
78.30874055
78.3097461614
78.3082936117
78.3094109576
78.3118691186
78.3143272796
78.3166737059
78.3125395261
78.3172323789
78.3162267676
78.3172323789
78.3186849286
78.3228191084
78.3257242077
78.3279588995
78.3315344064
78.3357803209
78.338461951
78.3410318466
78.3383502164
78.3431548038
78.3432665384
78.3486297987
78.3519818364
78.352652244
78.3523170402
78.3523170402
78.352093571
78.3508644905
78.3548869358
78.3562277508
78.3543282628
78.3599149923
78.3621496841
78.3685185558
78.3705297784
78.3715353897
78.3720940626
78.3763399771
78.3767869154
78.3813680336
78.3796920148
78.3804741569
78.384273133
78.3823736449
78.3849435405
78.3823736449
78.3848318059
78.3876251707
78.386731294
78.391088943
78.3917593505
78.3908654738
78.3901950662
78.3934353694
78.3976812838
78.3933236348
78.3951113882
78.3999159756
78.4003629139
78.4029328095
78.4062848472
78.4050557667
78.4099720887
78.4075139277
78.4082960698
78.4113129038
78.4131006572
78.4141062685
78.4194695289
78.4200282018
78.4220394244
78.42460932
78.426508808
78.4279613577
78.4296373766
78.429525642
78.4308664571
78.4332128834
78.435782779
78.4384644092
78.4358945136
78.4410343048
78.443157262
78.4462858305
78.4489674607
78.4503082757
78.4539955172
78.4555598015
78.4609230618
78.4595822467
78.4591353084
78.4613700002
78.463604692
78.4618169385
78.4633812228
78.4642750995
78.4639398957
78.467962341
78.470420502
78.4762307006
78.4784653924
78.4805883497
78.4824878377
78.4866220175
78.4863985483
78.4868454867
78.4889684439
78.4939965005
78.4923204816
78.4931026238
78.4967898652
78.4982424149
78.5010357797
78.5013709834
78.4993597608
78.5024883293
78.5044995519
78.5079633242
78.5100862815
78.5129913808
78.5122092387
78.5148908688
78.5165668877
78.52003066
78.5207010675
78.5201423946
78.5236061669
78.5255056549
78.5288576926
78.5298633039
78.5332153416
78.5310923844
78.5323214649
78.533103607
78.5329918724
78.5345561567
78.538019929
78.5445005352
78.5450592082
78.5445005352
78.5471821654
78.5487464496
78.5501989993
78.5537745062
78.5563444018
78.5547801175
78.5563444018
78.5602551124
78.5626015388
78.5648362306
78.5653949036
78.5665122495
78.5688586759
78.5694173488
78.5707581639
78.5718755098
78.5738867324
78.5756744859
78.5800321349
78.5810377462
78.5829372342
78.5850601914
78.5887474329
78.5883004945
78.5914290631
78.589529575
78.5896413096
78.5910938593
78.5914290631
78.5916525322
78.5922112052
78.5933285511
78.5964571196
78.5961219158
78.5961219158
78.5976862001
78.5976862001
78.5964571196
78.5955632429
78.5962336504
78.5983566076
78.5964571196
78.6003678303
78.6024907875
78.6002560957
78.6014851762
78.6057310906
78.6052841522
78.6076305786
78.6108708817
78.6117647585
78.614334654
78.6163458767
78.6195861798
78.6231616867
78.6264019898
78.6286366816
78.6290836199
78.6268489281
78.6270723973
78.630424435
78.6307596388
78.6306479042
78.6313183117
78.6321004539
78.6303127004
78.6307596388
78.6297540275
78.6272958665
78.6271841319
78.6290836199
78.6300892312
78.6331060652
78.6374637142
78.6375754488
78.6386927947
78.6383575909
78.6394749368
78.6412626903
78.6393632022
78.6419330978
78.6441677896
78.6431621783
78.6451734009
78.6439443204
78.6432739129
78.6453968701
78.6445029934
78.6477432965
78.6486371732
78.6496427845
78.6504249266
78.6536652298
78.6536652298
78.6541121681
78.6536652298
78.655788187
78.6575759404
78.6580228788
78.6580228788
78.660145836
78.6605927743
78.6581346134
78.6593636939
78.6619335894
78.6627157316
78.6634978737
78.6661795039
78.6667381768
78.6656208309
78.6641682812
78.6648386888
78.6619335894
78.6609279781
78.665062158
78.6634978737
78.6637213429
78.6617101202
78.6627157316
78.660145836
78.6634978737
78.6642800158
78.6639448121
78.6627157316
78.666402973
78.6655090963
78.6660677693
78.665062158
78.6665147076
78.6662912384
78.6685259302
78.6705371529
78.6712075604
78.673218783
78.6752300057
78.6761238824
78.6752300057
78.6738891906
78.6729953139
78.673218783
78.6736657214
78.6759004132
78.6782468396
78.680034593
78.682492754
78.6852861188
78.6905376445
78.6934427438
78.693666213
78.6950070281
78.6925488671
78.6937779476
78.6922136634
78.693666213
78.6922136634
78.6922136634
78.6905376445
78.6897555024
78.6883029527
78.6855095879
78.6859565263
78.6841687729
78.6859565263
78.684950915
78.684392242
78.6838335691
78.6840570383
78.6836100999
78.6828279578
78.6839453037
78.6847274458
78.6875208106
78.6885264219
78.6907611137
78.6923253979
78.6916549904
78.6933310093
78.6923253979
78.6953422319
78.6921019288
78.6884146873
78.6887498911
78.6903141753
78.6907611137
78.6941131514
78.6948952935
78.6960126394
78.6979121274
78.6945600897
78.694224886
78.6935544784
78.696124374
78.6989177388
78.6970182507
78.7007054922
78.7019345727
78.7033871224
78.7028284494
78.7036105915
78.7036105915
78.7018228381
78.7042809991
78.7032753878
78.7027167148
78.7027167148
78.702940184
78.7055100796
78.7080799752
78.7088621173
78.7098677286
78.712214155
78.7161248656
78.7185830266
78.7185830266
78.7180243537
78.7153427235
78.7172422115
78.7161248656
78.7176891499
78.7166835386
78.7163483348
78.7186947612
78.7200355763
78.7213763914
78.7222702681
78.7256223058
78.7249518983
78.7251753674
78.7255105712
78.7266279171
78.7304268932
78.7327733196
78.7359018881
78.7381365799
78.7400360679
78.7418238214
78.7429411673
78.7433881056
78.7437233094
78.7428294327
78.7461814704
78.7480809584
78.7468518779
78.7483044276
78.7490865697
78.7479692238
78.7478574892
78.7484161622
78.7503156502
78.7510977923
78.7544498301
78.7554554414
78.7542263609
78.755567176
78.7554554414
78.7553437068
78.7542263609
78.7552319722
78.7566845219
78.7564610527
78.7580253369
78.7563493181
78.7523268728
78.7534442187
78.7547850338
78.7559023797
78.7563493181
78.7571314602
78.7614891092
78.76126564
78.7641707394
78.7641707394
78.7633885973
78.7633885973
78.7643942086
78.7678579809
78.7684166538
78.7695339997
78.7685283884
78.7657350237
78.7660702274
78.7628299243
78.7636120664
78.7651763507
78.7669641041
78.7645059432
78.762382986
78.7605952325
78.76126564
78.7627181897
78.7624947205
78.7640590048
78.7594778866
78.7602600287
78.7616008438
78.761824313
78.7622712514
78.7609304363
78.7592544174
78.7610421709
78.7630533935
78.7652880853
78.7627181897
78.7621595168
78.7627181897
78.7622712514
78.7627181897
78.7639472702
78.7643942086
78.7675227771
78.7684166538
78.76808145
78.7684166538
78.7688635922
78.7672993079
78.7660702274
78.7677462463
78.7655115545
78.761824313
78.7630533935
78.7664054312
78.7670758387
78.7665171658
78.7672993079
78.7670758387
78.7697574689
78.7714334878
78.7704278764
78.7716569569
78.7741151179
78.7745620563
78.7747855255
78.7775788902
78.7801487858
78.7808191933
78.7776906248
78.780372255
78.7792549091
78.7813778663
