58.0285772388
60.2792470876
61.1040718319
61.7673283589
62.3341579346
62.8712661093
63.3783176793
63.9284988011
64.4218070165
64.9192494117
65.3928923393
65.8260873452
66.2877746716
66.712924787
67.1675728342
67.6180867016
68.0439072245
68.4516267439
68.8545416759
69.2614790531
69.6294210584
70.0332298671
70.3952499391
70.724308307
71.0405171971
71.3089036825
71.5663401782
71.7580767348
71.9517127795
72.1605447285
72.3454654751
72.5077041
72.6508361099
72.7935211815
72.9345302343
73.0757627562
73.175318276
73.2792314448
73.394206338
73.4818062567
73.5866133022
73.6776769932
73.7707519068
73.8641620241
73.9419292988
74.0224899383
74.1141123022
74.1960137568
74.2670769561
74.3290896536
74.4011584642
74.4640650385
74.5301001812
74.5884256373
74.6385944682
74.6869755458
74.7483178357
74.8023973774
74.8593820183
74.8953605563
74.9334620516
74.9688819167
75.0098885112
75.0656440717
75.1144720876
75.1507858294
75.1969322151
75.2246423934
75.2645316421
75.3025214028
75.3416285093
75.3793948008
75.4173845614
75.446659024
75.4741457332
75.5084482524
75.5360466961
75.5624160594
75.5899027686
75.6200711079
75.6466639403
75.6740389149
75.6968327713
75.7216378503
75.7499067016
75.7742648423
75.8007459401
75.8277857109
75.8584009886
75.8810831104
75.9053295165
75.9208606245
75.9432075425
75.9696886404
75.9864488289
76.0042146287
76.037958475
76.0598584546
76.0787416004
76.0985186228
76.12108901
76.1410895016
76.1684644762
76.1858950723
76.2088006633
76.2327118655
76.2570700062
76.2787465167
76.2978531316
76.3119316899
76.3319321816
76.3519326732
76.3663464353
76.3864586616
76.4016545658
76.4172974084
76.4369626963
76.4576335955
76.4779692909
76.4924947876
76.5137243597
76.5321605671
76.5484738172
76.5666865554
76.571714612
76.5875809238
76.6015477475
76.6078048846
76.6251237461
76.636855878
76.6560742275
76.6652364639
76.6803206336
76.6929466423
76.7024440824
76.7146231527
76.7310481375
76.7418863927
76.7558532165
76.7678088176
76.7812169685
76.7996531758
76.8103796965
76.822223563
76.833955695
76.8488163955
76.8508276181
76.8618893425
76.8697107638
76.8777556543
76.885465341
76.8986500227
76.9133989886
76.9234551017
76.9340698878
76.9470311002
76.9527295643
76.9671433264
76.9737356672
76.9811101502
76.985803003
76.9974234004
77.0042392103
77.0126193046
77.016865219
77.0260274554
77.0325080617
77.0439049898
77.0516146766
77.0614473205
77.0662519079
77.0776488361
77.08748148
77.0934034133
77.1040181993
77.1051355452
77.1077054408
77.1174263501
77.117202881
77.1255829752
77.1312814393
77.1406671449
77.1451365285
77.1496059121
77.1558630491
77.1623436554
77.1717293609
77.1761987446
77.1788803747
77.1869252652
77.1928471985
77.1950818903
77.1986573972
77.2026798424
77.2063670839
77.2088252449
77.2122890172
77.2265910447
77.2250267604
77.2354180773
77.2403343993
77.2460328634
77.2502787778
77.2532956117
77.259776218
77.2681563122
77.2738547763
77.2831287473
77.2903914957
77.2937435334
77.3002241396
77.3031292389
77.3077103571
77.3150848401
77.3206715696
77.3215654463
77.3255878915
77.3305042135
77.3332975783
77.3353088009
77.3374317581
77.3449179756
77.3473761366
77.3551975579
77.3613429604
77.3654771402
77.3697230546
77.3748628458
77.3787735564
77.386259774
77.3890531387
77.3920699727
77.3994444556
77.4058133273
77.40369037
77.4068189386
77.4112883222
77.4174337246
77.4245847384
77.4341939131
77.4362051358
77.4412331923
77.4455908413
77.4488311445
77.4611219494
77.463133172
77.4629097028
77.4648091908
77.4682729631
77.472407143
77.4734127543
77.4774351995
77.4832453982
77.4820163177
77.4838040712
77.4869326397
77.492854573
77.4933015113
77.4905081466
77.4962066107
77.499670383
77.497212222
77.4994469138
77.5062627238
77.5070448659
77.513302003
77.5120729225
77.5131902684
77.5174361828
77.5186652633
77.5198943438
77.5188887325
77.5213468934
77.5225759739
77.5248106657
77.5293917839
77.5298387223
77.5345315751
77.5367662669
77.5438055461
77.5474927875
77.556096351
77.5594483887
77.5625769572
77.5651468528
77.5709570515
77.5760968426
77.5813483683
77.5839182639
77.5883876475
77.5905106047
77.5955386613
77.6026896751
77.6053713052
77.6019075329
77.6034718172
77.6039187555
77.6055947744
77.6082764046
77.6099524234
77.61498048
77.6184442523
77.621237617
77.6258187352
77.6306233226
77.6357631137
77.6415733124
77.646601369
77.6471600419
77.6548697286
77.6557636054
77.6573278896
77.6613503349
77.6609033965
77.6636967613
77.6704008367
77.6719651209
77.6755406278
77.6762110354
77.6784457272
77.682021234
77.682021234
77.6911834704
77.6915186742
77.6928594893
77.6926360201
77.695652854
77.6967701999
77.6948707119
77.7001222376
77.7001222376
77.7009043798
77.7010161144
77.7031390716
77.7076084552
77.7124130426
77.7183349758
77.7179997721
77.7205696676
77.7225808903
77.7223574211
77.7225808903
77.7238099707
77.7262681317
77.7289497619
77.7314079229
77.729731904
77.7282793544
77.7337543493
77.7276089468
77.7288380273
77.7280558852
77.7258211934
77.7267150701
77.7281676198
77.7319665958
77.7317431266
77.7305140462
77.7330839417
77.734089553
77.7337543493
77.7333074109
77.7374415907
77.7385589366
77.739564548
77.7394528134
77.7387824058
77.7417992398
77.746380358
77.7485033152
77.7491737227
77.7536431063
77.7547604522
77.7585594283
77.7596767742
77.7621349352
77.7650400345
77.7682803376
77.7717441099
77.7717441099
77.7718558445
77.7721910483
77.778001247
77.7782247161
77.7832527727
77.782358896
77.7892864406
77.7927502129
77.7918563361
77.7905155211
77.7905155211
77.7957670468
77.7994542883
77.8004598996
77.7977782694
77.7968843927
77.800348165
77.8044823448
77.8032532643
77.8053762215
77.8101808089
77.8088399938
77.8089517284
77.8119685624
77.8171083535
77.8197899837
77.822695083
77.8237006943
77.8254884478
77.8268292628
77.8315221156
77.8334216037
77.8349858879
77.8358797646
77.8364384376
77.8374440489
77.8388965986
77.8390083332
77.8349858879
77.8377792527
77.8403491482
77.8393435369
77.8374440489
77.8367736414
77.8411312904
77.845600674
77.8448185319
77.8454889394
77.848058835
77.8528634223
77.8552098487
77.8578914789
77.8613552512
77.865489431
77.8672771845
77.8735343215
77.8718583027
77.8715230989
77.8666067769
77.8691766725
77.8712996297
77.8712996297
77.872305241
77.8712996297
77.8717465681
77.8763276863
77.8778919705
77.8843725768
77.8845960459
77.8890654295
77.8882832874
77.8891771641
77.8957695049
77.8975572584
77.8988980735
77.9011327653
77.9072781677
77.9090659212
77.9125296935
77.9176694846
77.9204628494
77.9209097877
77.9252674367
77.9290664128
77.9286194744
77.928731209
77.9315245738
77.936105692
77.9428097674
77.9464970089
77.9483964969
77.9458266013
77.9469439472
77.9486199661
77.9524189421
77.953536288
77.9557709798
77.9607990364
77.9645980125
77.9656036238
77.9704082112
77.9729781067
77.9753245331
77.9772240211
77.9799056513
77.9821403431
77.9809112626
77.9801291205
77.9826990161
77.9835928928
77.9831459544
77.9877270726
77.9899617644
77.9886209493
77.9866097267
77.9862745229
77.9868331959
77.9866097267
77.985157177
77.9829224852
77.9856041154
77.9844867695
77.9871683997
77.9867214613
77.9862745229
77.9856041154
77.9891796223
77.9901852336
77.9956602285
77.9976714511
78.0010234888
78.0040403228
78.0052694033
78.0067219529
78.0097387869
78.0073923605
78.0094035831
78.0095153177
78.0082862372
78.0045989957
78.0041520574
78.0025877731
78.001805631
78.0071688913
78.0094035831
78.0089566447
78.011079602
78.0136494975
78.0197949
78.0174484736
78.0158841893
78.0177836774
78.0202418383
78.0259403024
78.0226999993
78.0228117339
78.0249346911
78.0280632597
78.030968359
78.0298510131
78.0306331552
78.0327561124
78.0364433539
78.0389015149
78.0415831451
78.0404657992
78.0397953916
78.0404657992
78.0414714105
78.0423652872
78.0462759978
78.0447117136
78.0475050783
78.0434826331
78.0461642633
78.0476168129
78.0476168129
78.0509688506
78.0544326229
78.0545443575
78.0555499688
78.06068976
78.0621423096
78.0666116932
78.0654943473
78.0653826128
78.0678407737
78.0707458731
78.0689581196
78.0726453611
78.0739861762
78.0792377019
78.0828132088
78.0831484126
78.0827014742
78.0844892277
78.0833718818
78.0838188201
78.0848244314
78.0837070855
78.0841540239
78.0852713698
78.0866121849
78.0882882037
78.0925341182
78.0956626867
78.1004672741
78.1001320703
78.1013611508
78.1050483923
78.1047131885
78.1080652262
78.1081769608
78.112758079
78.1142106286
78.1189034814
78.1213616424
78.1181213393
78.1181213393
78.1201325619
78.1193504198
78.119573889
78.1205795003
78.1215851116
78.1200208273
78.1216968462
78.1225907229
78.1208029695
78.1205795003
78.1234845996
78.1259427606
78.1292947983
78.1303004096
78.132646836
78.132646836
78.1359988737
78.1368927504
78.1354402008
78.1354402008
78.1354402008
78.1348815278
78.1349932624
78.1339876511
78.1323116322
78.1339876511
78.1348815278
78.1346580586
78.1342111203
78.1330937744
78.1324233668
78.1364458121
78.1336524473
78.132646836
78.1329820398
78.1383453001
78.1374514234
78.1393509114
78.1387922385
78.1433733567
78.1452728447
78.1467253944
78.1480662094
78.1477310057
78.1450493755
78.1452728447
78.1488483516
78.1477310057
78.1470605981
78.1488483516
78.1471723327
78.1505243704
78.1495187591
78.154993754
78.1542116119
78.1551054886
78.1558876308
78.1586809955
78.1597983414
78.1609156873
78.1634855829
78.1649381326
78.1639325212
78.166725886
78.1690723124
78.1695192508
78.172983023
78.1745473073
78.1766702645
78.1777876104
78.1783462834
78.1786814871
78.1786814871
78.1765585299
78.179798833
78.178458018
78.180357506
78.1815865865
78.1796870985
78.1810279135
78.182256994
78.184715155
78.1876202544
78.1881789273
78.1888493348
78.1869498468
78.1903018845
78.1904136191
78.1910840266
78.191530965
78.1926483109
78.1947712681
78.1966707562
78.198905448
78.1990171825
78.1977881021
78.198905448
78.1993523863
78.1974528983
78.1999110593
78.200246263
78.200804936
78.2052743196
78.2071738076
78.2086263573
78.2075090114
78.2092967648
78.210078907
78.2115314566
78.2139896176
78.2139896176
78.2148834943
78.216894717
78.2210288968
78.2192411434
78.2230401194
78.2216993043
78.2221462427
78.2238222616
78.2270625647
78.2291855219
78.2303028678
78.2322023558
78.234325313
78.2352191897
78.2360013319
78.2380125545
78.2389064312
78.2385712274
78.2423702035
78.2421467343
78.2404707155
78.2415880614
78.2415880614
78.2431523456
78.2434875494
78.2453870374
78.2449400991
78.2457222412
78.245498772
78.2470630563
78.2472865255
78.2486273406
78.2520911129
78.2530967242
78.2549962122
78.2557783543
78.2548844776
78.2582365153
78.2600242688
78.2611416147
78.263488041
78.2642701832
78.265946202
78.2648288561
78.2637115102
78.2648288561
78.2648288561
78.2630411027
78.2637115102
78.2623706951
78.2628176335
78.2644936524
78.2657227328
78.2658344674
78.2637115102
78.2646053869
78.2650523253
78.2627058989
78.262147226
78.2619237568
78.2629293681
78.2619237568
78.2637115102
78.2625941643
78.263488041
78.264046714
78.2647171215
78.2651640599
78.2637115102
78.2639349794
78.2651640599
78.2666166096
78.2687395668
78.2713094624
78.2748849692
78.2762257843
78.2764492535
78.2782370069
78.2773431302
78.2780135378
78.2800247604
78.2805834333
78.282035983
78.2827063905
78.2803599642
78.2790191491
78.2800247604
78.2804716987
78.2799130258
78.2813655755
78.2809186371
78.2833767981
78.2829298597
78.2854997553
78.2885165892
78.2922038307
78.2928742382
78.2923155653
78.2936563804
78.2938798496
78.2928742382
78.2947737263
78.2953323992
78.2953323992
78.2961145414
78.2968966835
78.2971201527
78.2985727023
78.300025252
78.2974553564
78.2977905602
78.2980140294
78.2984609678
78.300583925
78.3013660671
78.3017012709
78.302483413
78.3033772897
78.3015895363
78.3034890243
78.304382901
78.3051650432
78.3042711664
78.3059471853
78.3085170809
78.3097461614
78.3113104456
78.3128747299
78.3146624833
78.3145507487
78.3145507487
78.3164502368
78.3163385022
78.3160032984
78.3149976871
78.3166737059
78.3182379902
78.3212548241
78.3217017625
78.3221487009
78.3224839046
78.3215900279
78.3201374782
78.3186849286
78.3206961512
78.320472682
78.3205844166
78.3208078858
78.3219252317
78.3251655348
78.3284058379
78.3300818568
78.3313109373
78.3342160366
78.3358920554
78.3370094013
78.3387971548
78.3386854202
78.3391323586
78.3404731736
78.3425961309
78.3446073535
78.3425961309
78.3411435812
78.3387971548
78.3392440932
78.3411435812
78.3413670504
78.3431548038
78.3444956189
78.3460599031
78.348294595
78.3479593912
78.348294595
78.3453894956
78.3451660264
78.3449425572
78.3444956189
78.3469537799
78.3457246994
78.3472889836
78.3495236754
78.3494119409
78.3500823484
78.3493002063
78.3498588792
78.3500823484
78.3508644905
78.3534343861
78.3525405094
78.3505292868
78.3515348981
78.3511996943
78.3499706138
78.350194083
78.348294595
78.34963541
78.348294595
78.3507527559
78.3503058176
78.3519818364
78.3524287748
78.3525405094
78.3571216276
78.3561160163
78.3555573433
78.3582389735
78.3575685659
78.3587976464
78.361367542
78.3641609067
78.3661721294
78.3666190677
78.3686302904
78.3686302904
78.3699711054
78.3698593708
78.3712001859
78.3672894753
78.3685185558
78.3678481482
78.3666190677
78.3696359017
78.3705297784
78.3712001859
78.372541001
78.3727644702
78.3690772287
78.3703063092
78.3693006979
78.3695241671
78.3705297784
78.373099674
78.3747756928
78.3735466123
78.3736583469
78.3745522236
78.3796920148
78.3803624223
78.3817032374
78.3831557871
78.3839379292
78.3824853795
78.3809210953
78.3802506877
78.3782394651
78.3780159959
78.3792450764
78.3831557871
78.3806976261
78.3823736449
78.3808093607
78.3772338538
78.3790216072
78.3827088487
78.3825971141
78.3810328299
78.3833792562
78.3840496638
78.3872899669
78.3914241467
78.3943292461
78.3945527153
78.3951113882
78.394887919
78.3967874071
78.394887919
78.3956700612
78.3958935303
78.3965639379
78.3953348574
78.3949996536
78.3936588385
78.3984634259
78.3962287341
78.3971226108
78.39734608
78.3995807718
78.4005863831
78.4012567907
78.4019271982
78.4048322976
78.4043853592
78.4058379089
78.406620051
78.4089664774
78.4095251503
78.4109777
78.4089664774
78.4099720887
