57.6199638427
61.1072004005
63.7925178049
66.0041922818
67.4054557766
68.3445850066
69.012087448
69.5377986945
69.9954635756
70.4046356447
70.7781643795
71.1287875233
71.4579576258
71.7576297965
72.0313795423
72.267809935
72.5102739956
72.7185472716
72.9239154482
73.1091713986
73.2987849981
73.4632583147
73.6400224363
73.8071773831
73.9738853916
74.111430672
74.2445065689
74.3657385992
74.4966915388
74.6188174458
74.7140153166
74.8274259256
74.9383783735
75.0295537991
75.1226287127
75.2096699584
75.3020744644
75.3822999001
75.4389493373
75.5126941668
75.5843160391
75.6516919969
75.7226434616
75.7985112483
75.8803009683
75.9451070306
76.0139355381
76.0800824154
76.1496930651
76.211594028
76.2616511244
76.3196413767
76.3718214302
76.4219902612
76.4774106179
76.5199814968
76.5757370572
76.6205426279
76.6627783029
76.7076956082
76.7600991309
76.8051281707
76.8481459879
76.8839010568
76.9199913294
76.9513887492
76.9906075904
77.0318376541
77.0653580311
77.1063646257
77.1454717323
77.1817854741
77.2140767706
77.259217545
77.2905032302
77.3319567632
77.3634659176
77.3953102758
77.4210092315
77.4528535897
77.4870443743
77.5046984395
77.5366545323
77.5676050138
77.5967677418
77.6272712849
77.6526350368
77.6866023522
77.7214635444
77.7410170976
77.7698446219
77.7938675588
77.8315221156
77.8540925028
77.8820261504
77.8978924622
77.9210215223
77.9418041561
77.9716372916
77.9883974802
78.005604607
78.0320857049
78.0580081298
78.0767795409
78.096109625
78.1123111406
78.1325351014
78.1548820194
78.1722008809
78.1949947373
78.2103023761
78.2261686879
78.2466161179
78.2635997756
78.2831533289
78.3038242281
78.3262828807
78.3382384818
78.3580155043
78.3815915028
78.3964522033
78.4137710648
78.4325424759
78.4434924657
78.4603643888
78.4773480465
78.4885215056
78.5018179218
78.5179077028
78.5400311516
78.5526571603
78.5705346947
78.5781326468
78.5893061058
78.6002560957
78.617351488
78.6239438288
78.6419330978
78.651430538
78.6624922624
78.680593266
78.6954539665
78.7046162029
78.7202590455
78.730203424
78.746293205
78.7603717633
78.7723273645
78.7824952122
78.7928865291
78.7984732586
78.807635495
78.8184737502
78.8297589438
78.8458487248
78.8637262592
78.8745645144
78.8856262389
78.8935593948
78.9051797921
78.9200404926
78.9309904824
78.9420522069
78.9538960734
78.9571363765
78.9713266695
78.9808241096
78.9855169624
78.9955730755
79.003617966
79.0123332641
79.019707747
79.0225011118
79.0304342677
79.0392613003
79.0500995555
79.0610495454
79.0678653553
79.0722230044
79.0807148332
79.0926704344
79.1036204242
79.1073076657
79.1156877599
79.1247382617
79.1274198919
79.1335652943
79.1408280427
79.1487611986
79.1629514915
79.1692086286
79.1820581065
79.1951310535
79.2003825792
79.2093213464
79.2125616496
79.2184835828
79.2285396959
79.2289866343
79.2350203022
79.2432886618
79.2540151825
79.260160585
79.2680937409
79.2760268968
79.2832896451
79.2851891331
79.2902171897
79.2970329997
79.3038488097
79.3087651317
79.318486041
79.3227319554
79.3268661353
79.3297712346
79.3375926559
79.3421737741
79.3502186646
79.3585987589
79.3641854884
79.3701074216
79.3712247675
79.3782640467
79.3821747574
79.3893257711
79.3905548516
79.390443117
79.3963650503
79.4044099408
79.4074267747
79.4154716652
79.4208349256
79.4229578828
79.4316731808
79.4344665455
79.4383772562
79.4422879669
79.4459752083
79.4438522511
79.4463104121
79.4534614259
79.456143056
79.4599420321
79.4606124396
79.4619532547
79.467875188
79.4660874346
79.4712272257
79.4748027326
79.4803894621
79.4853057841
79.4921215941
79.4918981249
79.495138428
79.4983787311
79.5102225977
79.5187144265
79.5239659522
79.5304465585
79.5358098188
79.542290425
79.5448603206
79.5449720552
79.5449720552
79.5475419508
79.5525700073
79.5569276563
79.5629613242
79.5666485657
79.5741347832
79.5760342712
79.578827636
79.5846378347
79.5872077302
79.5916771139
79.5938000711
79.5954760899
79.5956995591
79.6013980232
79.6057556722
79.6081020986
79.6142475011
79.6177112733
79.6208398419
79.6232980029
79.6227393299
79.6285495286
79.6285495286
79.6343597273
79.6390525801
79.6381587033
79.6403933951
79.6486617548
79.6496673661
79.655142361
79.6552540956
79.6563714415
79.6608408251
79.6646398012
79.6622933748
79.6667627584
79.6700030615
79.6757015256
79.6818469281
79.6840816199
79.689221411
79.6934673255
79.6989423204
79.7030765002
79.7047525191
79.7022943581
79.7067637417
79.7134678171
79.7138030209
79.7149203668
79.7154790397
79.7191662812
79.7199484233
79.7248647453
79.7258703566
79.7308984131
79.7373790194
79.7396137112
79.7416249338
79.7419601376
79.7435244218
79.7495580897
79.7526866582
79.7561504305
79.7587203261
79.7565973689
79.7591672644
79.7654244015
79.7684412354
79.7733575574
79.7782738794
79.7805085712
79.7834136705
79.784642751
79.7854248931
79.7884417271
79.7959279446
79.7968218213
79.7989447785
79.8011794703
79.8036376313
79.8020733471
79.8066544652
79.8063192615
79.804531508
79.8047549772
79.810006503
79.8146993557
79.8127998677
79.8136937444
79.8154814979
79.8152580287
79.8208447582
79.8231911846
79.8221855733
79.8238615921
79.8271018952
79.8301187292
79.8328003593
79.8424095341
79.8424095341
79.8436386146
79.8448676951
79.8452028988
79.8483314674
79.8517952397
79.8512365667
79.8568232962
79.8573819692
79.8616278836
79.8667676747
79.8703431816
79.8715722621
79.8734717501
79.874589096
79.8753712382
79.877047257
79.8830809249
79.883863067
79.8835278633
79.8867681664
79.8914610192
79.8973829524
79.8971594832
79.9022992744
79.9055395775
79.9021875398
79.9030814165
79.9040870278
79.9000645826
79.901852336
79.9044222316
79.904310497
79.9081094731
79.9091150844
79.9075508001
79.9121319183
79.913025795
79.9133609988
79.9173834441
79.9186125246
79.9243109887
79.9273278226
79.9297859836
79.9320206754
79.9313502678
79.9324676137
79.9363783244
79.9355961823
79.9395068929
79.9424119923
79.9453170916
79.9502334136
79.9513507595
79.9579431003
79.9564905506
79.9587252424
79.9577196311
79.9630828914
79.9648706449
79.9645354411
79.9648706449
79.9664349291
79.9678874788
79.9703456398
79.9715747203
79.970010436
79.9729155354
79.9744798196
79.976826246
79.9789492032
79.9829716485
79.988558378
79.9891170509
79.9916869465
79.997273676
79.9983910219
79.9999553062
79.999173164
80.003530813
80.0020782634
80.0043129552
80.0064359124
80.0037542822
80.0091175426
80.013363457
80.0167154947
80.022078755
80.026995077
80.0267716078
80.0323583373
80.0341460907
80.0359338442
80.0393976165
80.0397328202
80.0409619007
80.0461016919
80.048783322
80.0486715875
80.0507945447
80.0539231132
80.0579455584
80.0593981081
80.0592863735
80.0617445345
80.0623032075
80.0655435106
80.0674429986
80.0687838137
80.0703480979
80.0743705432
80.0750409507
80.0751526853
80.0804042111
80.0837562488
80.0848735947
80.0876669594
80.0886725707
80.0928067506
80.0942593002
80.0950414424
80.0944827694
80.0933654235
80.0956001153
80.0980582763
80.0971643996
80.1007399065
80.1021924561
80.1061031668
80.1059914322
80.1088965315
80.1088965315
80.1083378586
80.1124720384
80.1156006069
80.1198465214
80.1238689666
80.1287852886
80.128114881
80.1288970232
80.1293439615
80.1334781414
80.1357128332
80.1418582356
80.1440929274
80.14610415
80.1495679223
80.1511322066
80.1524730217
80.1506852682
80.1542607751
80.1544842443
80.1554898556
80.1554898556
80.1635347461
80.1656577033
80.1682275989
80.1658811725
80.1687862718
80.1684510681
80.1673337222
80.1693449448
80.1701270869
80.1730321863
80.1777250391
80.1780602428
80.178842385
80.1805184038
80.1804066692
80.1846525836
80.1863286025
80.1876694176
80.189457171
80.1893454364
80.1947086968
80.1957143081
80.2007423646
80.2008540992
80.2044296061
80.2094576626
80.2102398048
80.2113571507
80.2124744966
80.2143739846
80.2126979658
80.214820923
80.2206311217
80.2205193871
80.2214132638
80.2215249984
80.2227540789
80.223536221
80.2217484676
80.2246535669
80.2247653015
80.2261061166
80.2255474436
80.2280056046
80.2323632536
80.2331453958
80.2387321253
80.2436484472
80.2461066082
80.2520285415
80.2545984371
80.260073432
80.262531593
80.2672244457
80.2695708721
80.2711351564
80.2753810708
80.2764984167
80.2772805589
80.2751576016
80.2762749475
80.2827555538
80.2870014682
80.2891244254
80.2893478946
80.2874484066
80.288677487
80.2912473826
80.293593809
80.2949346241
80.2976162543
80.3013034957
80.302309107
80.3030912492
80.3070019598
80.309124917
80.3093483862
80.3064432869
80.3071136944
80.3097953246
80.3106892013
80.3114713434
80.3110244051
80.3133708315
80.3153820541
80.3185106226
80.3168346038
80.3190692956
80.3185106226
80.3213039874
80.318957561
80.3179519497
80.3190692956
80.3196279685
80.3230917408
80.3245442905
80.3262203093
80.3245442905
80.3275611244
80.3309131621
80.3343769344
80.3367233608
80.3368350954
80.3370585646
80.3350473419
80.3395167256
80.3396284601
80.3391815218
80.3427570287
80.3435391708
80.3416396828
80.343203967
80.3417514174
80.3434274362
80.3411927444
80.3436509054
80.3474498814
80.3522544688
80.3533718147
80.3554947719
80.3589585442
80.3623105819
80.3621988473
80.3652156813
80.3668917001
80.3691263919
80.3667799655
80.3731488372
80.3763891403
80.3763891403
80.3805233201
80.384098827
80.3843222962
80.3855513767
80.3881212723
80.3918085137
80.393372798
80.3937080018
80.3957192244
80.3970600395
80.3966131011
80.3950488168
80.3948253477
80.3934845326
80.3944901439
80.3920319829
80.3913615754
80.3923671867
80.3954957552
80.3973952432
80.4028702382
80.4021998306
80.406445745
80.4043227878
80.4068926834
80.4090156406
80.4078982947
80.4103564557
80.4146023701
80.4170605311
80.4213064455
80.4239880757
80.423094199
80.4233176681
80.4272283788
80.4327033737
80.4338207196
80.4350498001
80.4368375535
80.4377314303
80.4400778567
80.4419773447
80.445441117
80.4455528516
80.4457763208
80.4457763208
80.4481227472
80.4521451924
80.4491283585
80.4525921308
80.4561676376
80.4553854955
80.4576201873
80.4568380452
80.4603018175
80.4607487558
80.4599666137
80.4622013055
80.4643242627
80.4666706891
80.4687936463
80.470246196
80.4714752765
80.4741569067
80.4741569067
80.4700227268
80.4732630299
80.4758329255
80.4796319016
80.4801905745
80.4813079204
80.4836543468
80.4829839393
80.4873415883
80.4904701568
80.4924813794
80.4941573983
80.4951630096
80.4948278058
80.4959451517
80.4988502511
80.4988502511
80.5014201466
80.5005262699
80.5000793316
80.4979563743
80.4988502511
80.5019788196
80.504325246
80.5076772837
80.5132640132
80.5157221742
80.5159456434
80.5140461553
80.5171747238
80.5220910458
80.5214206383
80.5248844106
80.5248844106
80.5225379842
80.5248844106
80.5254430835
80.5248844106
80.5279012445
80.5293537942
80.5314767514
80.5323706281
80.5350522583
80.5375104193
80.5368400117
80.5371752155
80.5396333765
80.5369517463
80.5372869501
80.5390747035
80.5379573576
80.5370634809
80.5392981727
80.5400803148
80.5423150066
80.5425384758
80.5438792909
80.5423150066
80.542761945
80.5461139827
80.5466726556
80.549019082
80.5447731676
80.5442144947
80.5457787789
80.5487956129
80.5511420392
80.5509185701
80.5517007122
80.5522593851
80.5510303047
80.5522593851
80.5524828543
80.5525945889
80.5540471386
80.553376731
80.5553879537
80.5531532619
80.5536002002
80.5529297927
80.5506951009
80.5492425512
80.5510303047
80.5504716317
80.5530415273
80.5521476506
80.5548292807
80.5553879537
80.5548292807
80.5560583612
80.558293053
80.5569522379
80.5571757071
80.5547175461
80.5549410153
80.5575109109
80.5580695838
80.5568405033
80.5592986643
80.560751214
80.5619802945
80.5646619247
80.5664496781
80.5692430428
80.5695782466
80.569466512
80.5680139624
80.5679022278
80.567008351
80.5693547774
80.5690195737
80.5679022278
80.5696899812
80.570025185
80.5711425309
80.5715894692
80.5728185497
80.574382834
80.576282322
80.5767292604
80.5776231371
80.5813103786
80.5809751748
80.5798578289
80.5828746628
80.5848858855
80.5863384351
80.5872323119
80.5883496578
80.5893552691
80.590472615
80.5885731269
80.5885731269
80.5898022074
80.5898022074
80.5893552691
80.5914782263
80.5918134301
80.5947185294
80.5941598564
80.5971766904
80.5998583205
80.6017578086
80.6026516853
80.6028751545
80.6017578086
80.6020930123
80.6020930123
80.6022047469
80.6013108702
80.6017578086
80.6008639319
80.6013108702
80.5985175055
80.6004169935
80.6011991356
80.6008639319
80.6043277041
80.6026516853
80.6043277041
80.6039925004
80.604104235
80.604104235
80.6090205569
80.6094674953
80.608461884
80.6099144337
80.6134899405
80.6176241204
80.6180710587
80.6219817694
80.6229873807
80.6265628876
80.6257807454
80.6260042146
80.6273450297
80.6254455417
80.6238812574
80.6219817694
80.622093504
80.6226521769
80.6233225845
80.6241047266
80.6255572763
80.6265628876
80.628350641
80.6296914561
80.6341608397
80.6320378825
80.6324848209
80.6324848209
80.633266963
80.6325965554
80.6322613517
80.6348312472
80.635166451
80.6330434938
80.6330434938
80.6367307353
80.6350547164
80.6379598158
80.6401945076
80.6412001189
80.6394123654
80.6396358346
80.6405297113
80.6414235881
80.641982261
80.642540934
80.6424291994
80.6435465453
80.6436582799
80.6446638912
80.6447756258
80.6456695025
80.6454460333
80.6458929717
80.6430996069
80.6446638912
80.6445521566
80.6436582799
80.643881749
80.6443286874
80.6454460333
80.6471220522
80.6481276635
80.6486863364
80.6494684786
80.6484628672
80.6513679666
80.6498036823
80.6503623553
80.6511444974
80.650697559
80.6501388861
80.6504740899
80.6517031704
80.6524853125
80.6524853125
80.653714393
80.6557256156
80.6574016345
80.6576251036
80.6568429615
80.6603067338
80.6603067338
80.6613123451
80.6596363263
80.6606419376
80.6606419376
80.6588541841
80.6582955112
80.6598597954
80.6576251036
80.6582955112
80.6612006105
80.6625414256
80.6654465249
80.6660051979
80.6655582595
80.66678734
80.6663404017
80.6676812167
80.6683516243
80.6694689702
80.6718153966
80.6720388658
80.6687985626
80.6682398897
80.667346013
80.6676812167
80.6685750935
80.6693572356
80.6710332544
80.6742735576
80.6738266192
80.6738266192
80.6742735576
80.6755026381
80.6744970267
80.6759495764
80.6769551877
80.6762847802
80.6762847802
80.6770669223
80.6798602871
