57.4509094078
62.6652275251
64.9269590984
66.2465446078
67.1860090416
68.0242419367
68.7538688102
69.3363412285
69.8190346578
70.2011669561
70.5708967148
70.9626381878
71.2884562526
71.5304733748
71.7453389916
71.9806520384
72.1757406327
72.3593205643
72.520777047
72.6613391614
72.8236895209
72.949055731
73.0630250129
73.1528596234
73.2585605456
73.3615798377
73.4525317941
73.5408021203
73.6288489773
73.7118677778
73.7627070163
73.8301947087
73.8936599559
73.9623767288
74.0090817875
74.0526582776
74.0976873175
74.1402581963
74.1849520323
74.2299810722
74.2848427559
74.3424978044
74.3876385788
74.4147900842
74.4353492488
74.4597073895
74.4911048093
74.5249603901
74.5565812791
74.5774756474
74.607308783
74.6391531412
74.6562485335
74.6971433935
74.7340158082
74.7803856631
74.8266437834
74.8779299603
74.9095508493
74.9621778412
75.0149165678
75.0649736642
75.1164833102
75.1589424545
75.2323520802
75.2921300859
75.356154006
75.4293401626
75.4938110211
75.5522482117
75.6059925495
75.6563848497
75.7233138692
75.7712480083
75.8181765362
75.852032117
75.8911392235
75.9273412307
75.9734876165
76.017511045
76.0580707012
76.0771773161
76.0978482153
76.1319272653
76.1798614044
76.2056720947
76.2332705385
76.2722659104
76.2962888473
76.3284684093
76.3606479712
76.399978547
76.4296999479
76.4548402307
76.4673545048
76.4816565323
76.5158473169
76.5402054576
76.5661278825
76.5938380608
76.6187548744
76.6409900579
76.6678063595
76.6992037793
76.7204333514
76.7426685349
76.7631159649
76.7878093093
76.8158546914
76.8390954861
76.8681464796
76.8823367725
76.8965270655
76.9097117471
76.9136224578
76.9213321445
76.9301591771
76.949824465
76.9712775063
76.9893785099
77.0014458456
77.0263626592
77.0370891798
77.0525085533
77.0690452726
77.0863641341
77.1084875829
77.1170911464
77.1304992972
77.1367564342
77.1477064241
77.1496059121
77.1542987649
77.1753048678
77.1922885255
77.1976517859
77.205249738
77.2202221731
77.2283787981
77.2310604283
77.2452507212
77.2537425501
77.263575194
77.2710614116
77.2878216001
77.298212917
77.3035761773
77.3158669822
77.3334093129
77.343465426
77.3483817479
77.3519572548
77.3513985819
77.361454695
77.3738572345
77.3840250822
77.3883827312
77.3986623135
77.4162046441
77.4229087195
77.4272663686
77.4381046238
77.4560938928
77.4711780625
77.4728540813
77.4832453982
77.4895025353
77.4964300798
77.5024637477
77.5139724105
77.5240285236
77.5353137172
77.5386657549
77.5427999347
77.551738702
77.5605657346
77.5625769572
77.5673815446
77.5750912313
77.5832478564
77.5903988701
77.5990024336
77.6080529354
77.60816467
77.6122988498
77.6220197591
77.6258187352
77.6318524031
77.6424671891
77.6480539186
77.6603447236
77.6687248178
77.6787809309
77.6841441913
77.6911834704
77.6987814226
77.7096196778
77.7125247771
77.7213518098
77.7194523217
77.7194523217
77.7288380273
77.7388941404
77.7445926045
77.7471625001
77.7521905566
77.757553817
77.7614645276
77.7692859489
77.7783364507
77.7869400142
77.7992308191
77.8057114253
77.8150971309
77.8143149887
77.8315221156
77.8282818125
77.831410381
77.8323042578
77.8321925232
77.8401256791
77.8405726174
77.8504052614
77.8662715732
77.8725287102
77.8763276863
77.8825848233
77.8890654295
77.8880598182
77.8913001213
77.9000154194
77.9012444999
77.9185633613
77.9187868305
77.9301837587
77.9313011046
77.9295133512
77.9348766115
77.9387873221
77.9454913976
77.9514133308
77.9607990364
77.9647097471
77.967726581
77.9680617848
77.9728663721
77.9818051393
77.9850454425
77.991972987
77.9942076788
77.9994592046
78.0092918485
78.015437251
78.0189010233
78.029068871
78.0311918282
78.0336499892
78.0418066142
78.044599979
78.0488458934
78.0486224242
78.0510805852
78.0624775134
78.0679525083
78.0704106693
78.0757739296
78.0803550478
78.0791259673
78.083036678
78.0856065736
78.094210137
78.0886234075
78.0924223836
78.0888468767
78.0902994264
78.0944336062
78.101025947
78.1030371696
78.107841757
78.1154397091
78.1137636903
78.1142106286
78.1142106286
78.1203560311
78.1216968462
78.1222555191
78.1271718411
78.1279539832
78.1309708172
78.1343228549
78.1401330535
78.1359988737
78.1359988737
78.1423677454
78.1427029491
78.141920807
78.1430381529
78.1473958019
78.1434850913
78.1495187591
78.1567815075
78.1568932421
78.1516417163
78.1562228345
78.1628151753
78.1625917062
78.1669493552
78.1724243501
78.1801340368
78.1758881224
78.1749942457
78.1819217903
78.1786814871
78.1860559701
78.1815865865
78.1876202544
78.1897432116
78.189072804
78.1892962732
78.1954416757
78.1984585096
78.2011401398
78.203263097
78.1993523863
78.2044921775
78.2031513624
78.2117549258
78.2101906416
78.2134309447
78.2160008402
78.2197998163
78.2205819584
78.2266156263
78.2298559294
78.2304146024
78.2322023558
78.2288503181
78.2356661281
