57.0774924076
61.848000733
63.1016628342
64.4612493268
65.4741233863
66.419062815
67.1772937435
67.7336202678
68.2940809718
68.7801264389
69.251981613
69.5150048381
69.956915142
70.0790410491
70.2882082018
70.6265405407
70.8963795758
71.1576150475
71.3527036419
71.5937151528
71.5653345669
71.7512609248
72.0875820411
72.1490360657
72.3306047746
72.4538480275
72.5049107352
72.8179910568
72.8631318312
73.023470968
73.1672733855
73.2077213071
73.376217069
73.5211368324
73.650190284
73.7253876632
73.7489636617
73.842932452
73.9979083285
73.9983552668
74.2026060976
74.2481938104
74.2562387008
74.4229467093
74.4985910268
74.5313292617
74.5972526699
74.7911121838
74.7869780039
74.7982631975
74.9371492931
75.036928282
75.0079890232
75.1208409592
75.1259807504
75.2493357379
75.2867668256
75.343081059
75.3801769429
75.5429742407
75.5657680971
75.6370547656
75.6883409425
75.6711338156
75.7124756139
75.7796281026
75.8618647609
75.8906922852
75.834042848
75.8951616688
76.0009743256
76.0294666461
76.075836501
76.1368435872
76.1829899729
76.2104766821
76.227125136
76.2650031621
76.3539438958
76.4352866774
76.4523820697
76.455845842
76.5284733256
76.5596472762
76.6132798795
76.7333945639
76.6952930687
76.66903544
76.7904909394
76.8014409293
76.7948485885
76.8603250583
76.9036780792
76.8756326971
76.996417789
77.0031218644
76.974070871
77.0510560036
77.0597713016
77.0884870913
77.1277059324
77.1640196742
77.1859196539
77.202791577
77.2478206168
77.3043583194
77.3530746007
77.3725164194
77.3844720205
77.392516911
77.4391102351
77.4412331923
77.5105086382
77.4985530371
77.5257045425
77.55363819
77.5714039898
77.6088350775
77.5842534677
77.5986672298
77.6450370847
77.6545345249
77.6971054037
77.7074967206
77.7347599606
77.7359890411
77.7697328873
77.7810180809
77.781800223
77.8451537356
77.8531986261
77.8670537153
77.8651542273
77.809622136
77.843701186
77.8247063056
77.7692859489
77.5864881595
76.9077005245
76.5459039217
76.5088080377
76.5412110689
76.6148441638
76.6849017518
76.7380874167
76.8075863317
76.8666939299
76.910829093
76.9665846535
77.0225636831
77.0704978223
77.1213370608
77.1636844705
77.209048714
77.2629047865
77.3002241396
77.3262582991
77.3572087806
77.3893883425
77.4258138189
77.4643622525
77.4936367151
77.5261514808
77.54000657
77.5850356098
77.60816467
77.6401207627
77.6619090078
77.7039212137
77.7154298765
77.7402349555
77.7810180809
77.8187843724
77.8596792323
77.9079485753
77.9253791713
77.9506311887
77.983816362
78.0152137818
78.0447117136
78.0872825924
78.1099647142
78.1421442762
78.1728712885
78.2050508504
78.2459457104
78.2661696712
78.2876227125
78.2992431099
78.3208078858
78.3462833723
78.3463951069
78.3580155043
78.3729879394
78.3966756725
78.4120950459
78.4288552344
78.4404756318
78.4684092793
78.4895271169
78.517572499
78.5343326875
78.548634715
78.5641658231
78.5784678506
78.5833841726
78.6045020101
78.6228264829
78.6324356576
78.6401453444
78.6540004335
78.6672968498
78.6821575502
78.6965713124
78.7134432355
78.7189182304
78.7327733196
78.7483044276
78.7628299243
78.763723801
78.7689753268
78.7826069468
78.7970207089
78.8060712107
78.8246191526
78.83623955
78.8557931033
78.858586468
78.8671900315
78.8744527798
78.8849558313
78.8949002098
78.9135598864
78.920487431
78.9240629379
78.9408231264
78.9438399603
78.9526669929
78.9797067637
78.9877516542
79.0098751031
79.0217189696
79.0372500777
79.042613338
79.0571388347
79.0726699427
79.0860780935
79.1020561399
79.1173637788
79.130660195
79.1356882516
79.1455208955
79.1613872073
79.1659683255
79.1830637178
79.2046284937
79.2173662369
79.2293218381
79.2421713159
79.2374784632
79.255244263
79.2564733435
79.2654121107
79.2621718076
79.2801610766
79.2690993522
79.2882059671
79.2977034072
79.3130110461
79.3125641077
79.3174804297
79.3248549126
79.3407212244
79.3460844848
79.3638502846
79.3677609952
79.3765880279
79.3837390416
79.3825099611
79.3760293549
79.3813926152
79.379269658
79.3696604833
79.363179877
79.3654145688
79.3498834608
79.3421737741
79.3440732621
79.3426207125
